0.7745422481180044 0.2760492560339001 0.010515073016331436 0.024487178679077452 3.167870591067374E-4 0.011299847050259031 2.3246352924882204E-4
0.4773631805345289 0.06180179378301709 0.01553883327090543 0.0020364031524388038 -4.500952219635647E-6 -2.167153546125453E-4 -1.0533961575877788E-5
0.8468400901095015 0.3576358426846999 0.0062720936583437244 0.012509215518404164 9.666847377116872E-5 0.006861538749613769 -5.415259101508406E-5
0.6081362939170314 0.1307892883423549 0.001702392257813517 0.0011288649186214717 4.2074002725149863E-7 -2.216165108582208E-4 1.5073021185687754E-6
0.6887995334710274 0.19616641368119728 0.009006609210870646 0.0030500874192777297 3.5031720648516587E-6 2.324098638882147E-4 -1.5597785252433847E-5
1.055760944301072 0.40891907097235586 0.003203111668224915 0.0056206694450564925 9.98099838059611E-6 0.00207435837310865 -2.165984902262613E-5
0.39746596993963224 0.07264523822790042 0.0018582698293068854 9.299245927074742E-4 1.213747586701541E-6 2.4884871621214935E-4 1.4548395983901416E-7
0.5770047957693215 0.09289070718545189 0.0031827108276525572 6.99018366992538E-4 -5.396687763931079E-7 -1.9394998061480622E-4 8.920993272652114E-7
0.6717803919639648 0.25228077754556705 0.036863174725495954 0.01102018118584861 2.1028244214938498E-4 0.0031180706251711255 -7.153130079294934E-5
1.0485534435364068 0.38095646168458724 0.11653356721063252 0.07068788392741132 0.006394160687594237 0.03997737451265144 5.250861100737174E-4
0.45779369885161125 0.09008633059398533 0.00890457813706349 0.0015440942087608907 5.445372265129377E-6 4.5195918013671147E-4 -1.769143003507429E-6
0.48722994911112116 0.10660126344793809 0.007859065087333696 0.0014763277643674347 4.251012136220886E-6 3.526180428416203E-4 2.686479714676129E-6
0.39013441661785647 0.060791916606213074 0.003952936607083325 0.0014845875286742557 3.5438422012796517E-6 3.613850976691515E-4 -6.12628756550593E-7
0.6847446989963076 0.1770494290458121 0.0077571437869158235 0.00194763048101139 7.471630896511411E-6 7.511585403848864E-4 -1.2180148349004962E-6
0.384899241193756 0.04218801231790591 0.0027919640785889406 1.548032706416355E-4 -1.016947109876976E-7 -2.9074971836749384E-5 3.946290240217072E-9
0.5883305209110368 0.1259302349439808 0.008896196991845285 4.62656519617943E-4 6.454730385189494E-7 -5.34810203661385E-5 6.814497565672872E-7
0.5735383368591402 0.04664394766942576 2.2110886898334307E-4 3.4576680656342153E-4 -3.671479457615344E-8 -7.409136517768412E-5 8.82736169877307E-8
0.6341523822667899 0.1448022069009186 0.00493391073058407 5.771026698221592E-4 -3.121799245273762E-7 9.359414407342687E-6 -9.224175563129579E-7
0.6303929303088405 0.11301548222890599 0.013825138710196552 0.0021847460871191023 -3.126048313961837E-6 6.244492934377781E-5 -1.1592971801231616E-5
0.5742441318263465 0.13450290579218874 0.003843688827411866 1.908230287282879E-4 -9.820121125904792E-8 -3.3159062361551726E-5 -1.3063105827519216E-7
0.3580384301557693 0.03730633936236792 0.0014840275422497004 3.8282798887975285E-4 2.8568626789509367E-7 7.362047907977356E-5 -4.0577566402427625E-8
0.5665692836086909 0.07937245486094724 0.004993709442468981 0.001418455802703038 3.320960671053639E-6 3.3388586641325724E-4 1.79528611134803E-6
0.7675804155850213 0.38471703104189403 0.0014655094010864505 0.0024963034545231366 2.5960994286183947E-6 4.901664099517576E-4 4.007172004635946E-6
0.7953803538074934 0.38419610646667746 0.0024995294221671553 0.005949704606999303 1.3851005128505637E-5 0.0026841376531567076 1.8291645795211874E-5
0.5505915520062731 0.12819179658194882 0.008337717144184303 5.277033150141311E-4 -1.0748166922187215E-6 -1.8295675738776369E-4 2.6456807242153795E-7
0.6420666476283505 0.18506646397728438 0.014621483867342296 0.003729776994297644 2.7369519130611364E-5 0.0015709140604377252 -3.091431771773696E-6
0.6081771783376755 0.12587966534374218 3.0444565061665027E-4 0.0014479551192386649 7.241274600010229E-7 4.3727950767528554E-4 -6.323439036233887E-7
0.6390839236992554 0.1544070517711414 0.02054826879763265 0.003060824480993831 -1.8478517352351546E-6 1.204293255944915E-4 -2.42037834279493E-5
0.5765282110031411 0.10951934179561791 0.011123924770131731 0.004466651933342542 3.14715124338688E-5 0.0012171503278369533 -9.17736097401362E-7
0.49118566132851954 0.07711294616880073 0.008218634890872933 0.002964576751633827 1.4327596935839058E-5 5.823772457249687E-4 -2.975739881260345E-6
0.6438260899708586 0.18730270780105335 0.020614926066606427 0.011669178092894836 1.7701727882671943E-4 0.004417907185945078 -3.770632855221741E-5
0.5905675869647568 0.14330679465854373 0.02678730935962819 0.009727830775174352 1.4826903259011938E-4 0.0032967310642038616 -5.172415174675962E-5
0.7016202884397731 0.17056368104575026 0.0012356109654174418 9.491624903775059E-4 -7.764767187106843E-7 3.442898789182691E-4 -6.735477024188887E-7
0.33829466159145394 0.014826699449596137 0.01668182021336362 6.045023642437181E-4 -1.7189742456726615E-6 -6.950048854657114E-5 -8.544747884438983E-7
0.3752076781633224 0.005367077058868812 0.025953207824891387 6.946108988658026E-4 2.7273379013181997E-6 1.0793677906567846E-5 1.1222995576339426E-6
0.42785666770982983 0.005308431263431312 0.04045223358123831 1.6516968037695376E-4 4.1313386302835425E-7 -4.946517581736217E-7 1.0769443274620761E-7
0.45353992565213097 0.004597670314635939 0.05248543023936179 1.268368417339758E-5 1.0162564188556977E-8 -1.9533430790630328E-7 -1.9541559540299563E-9
0.36233097730768615 0.006019670591633432 0.027846556424205627 0.0013081894172696858 7.402060466904145E-6 2.161003689161623E-5 -2.748068918552579E-6
0.6266836623286565 0.05748805996500711 0.03161064412739817 0.006126903489095433 6.531013791005631E-5 0.0014045458062016266 5.481747034453336E-5
0.40194779506466527 0.012133175088912169 0.02549446527464716 3.491712132357017E-4 3.9327079650391166E-7 -8.490449079362965E-6 -9.647106146259864E-7
0.31955468373185636 0.004836294488785552 0.014736800956102657 8.873921514243244E-5 5.732691744287479E-8 4.481102971002744E-6 8.373503029243224E-8
0.5317046832264488 0.0973330511370166 1.9270526774855726E-4 5.196731082796361E-4 6.571230865326485E-8 9.497487101128616E-5 1.507538601853346E-7
0.5034315821857909 0.09951993594372521 0.013335689673866075 0.007389760090546654 7.304449298473822E-5 0.002015626279987205 -6.785361002969245E-6
0.4540713393355471 0.05524347631106096 0.003924690501394181 4.8806379623813354E-4 -1.824277887388893E-7 4.928865630042594E-5 -6.503876187019294E-7
0.4785571188850433 0.07764379986889042 0.010750954680300611 0.0010377896160207113 1.0259130538779658E-6 1.7538779689582764E-4 -3.311180980021123E-6
0.5617609591714396 0.14456435549501603 0.007609223407051251 5.660677224186686E-4 1.1734750358245743E-6 1.9954780196392632E-4 5.627987109341739E-8
0.3537192984644551 0.02439901756746196 0.008439914828399118 0.0018770704852538729 7.438533642007273E-6 2.926909519623906E-4 -6.978027806820837E-7
0.421649099217829 0.0610983302568692 0.0025840919122423903 0.0010413133128973232 3.4609442497755316E-8 1.1466599433615405E-4 -1.7077997569033394E-6
0.4073636740825096 0.054964252168729605 0.002575706728043116 0.0010844168914457364 2.1905633678636225E-7 1.0758280709737469E-4 -1.7990650580192062E-6
0.37341974236242403 0.007292209817121977 0.027911748313001545 0.001411938423672935 5.900754667939942E-6 2.2969724848895966E-5 -6.614154097445956E-6
0.8054411994806849 0.1929046463923485 0.006328692984447676 0.0193741744024662 2.1447322775883197E-4 0.002827788273304363 -5.015816779907901E-6
0.8266678534555033 0.24208994362210817 0.021932177191306176 6.373991000514229E-5 -6.22470464029403E-8 -2.3717689940416112E-5 -4.248391951039726E-8
1.1358446238722424 0.7261843830684918 0.32264764323188044 0.17629685638268933 0.03875293990933809 0.13734395351905931 0.01631342981122946
0.39679501597017275 0.032175981736725576 0.015508744651608536 6.270456450180586E-4 -9.516468206179724E-7 -8.53709783663993E-5 1.7082104513687339E-6
0.6727943265238002 0.2288153801758559 0.003905820170185877 0.0013920134072769306 1.262995154207022E-6 2.7059926085714475E-5 2.989989347771279E-6
0.430572461496586 0.04263776795948704 0.004582019496803676 5.495391030605831E-4 8.720149729779113E-7 1.071273910684197E-4 2.914201189039976E-9
0.7149548691808583 0.12769379582264925 0.023739372782151415 0.005840563805424642 6.578135960209939E-5 0.0013591470514150838 -2.006271005005036E-5
0.3591722701121554 0.020248399346002047 0.013496109151886837 8.670580433354392E-4 -1.3890848856442603E-6 -4.216448495427875E-5 2.6206522098710344E-6
0.3195230540758158 0.002081199532343495 0.016367920405453644 3.244704359432605E-4 3.5061709867261834E-7 1.3553242695917412E-5 6.604585618445536E-7
0.36191379639802324 0.01853697662413924 0.021544992108206068 7.93640936778997E-4 -4.461871390202531E-7 -8.229839030186398E-5 -3.2513054225574795E-6
0.7803230334989579 0.3931520777777577 0.06287249464556849 0.12888043880632932 0.011051893563368621 0.08075145197986387 0.003528230764115662
0.3663480630830115 0.009880675139680115 0.02451015265639911 4.562372450514682E-4 1.2420964360023509E-6 1.0315122193852974E-5 -8.859172506423642E-7
0.4129368535938841 0.06554164800581998 8.417280531418663E-4 4.0181311963120815E-4 -1.633899425038636E-7 9.698311279608098E-5 1.6706346512996846E-7
0.7238714663778492 0.17431549249506684 0.007791422469525088 0.0028245945647723722 1.2714481312107307E-5 -3.204764823220877E-4 -3.731760253616372E-6
0.4747158193342787 0.08649996723295628 0.002567785800656247 8.772521726911337E-4 1.0388157675340175E-6 2.2253237471527812E-4 -8.089468147428729E-7
0.6151893076250622 0.14989020210640205 0.013705152543284718 0.002334491729079431 5.696714263566465E-6 5.636071050982802E-4 -1.1912727660892144E-5
0.5132302603752381 0.11106558975663876 0.010161337013530822 0.0015900624353686874 5.45617644413356E-6 4.226719618476745E-4 3.328702973831121E-6
0.576627197042977 0.12380885717053139 0.016954399299991943 0.007781387958990969 8.621104302735595E-5 0.0025947893803521297 -2.357842663030142E-5
0.5216552356825109 0.09766588381662185 0.005818804837791891 0.0027408007752286207 1.0193706758229261E-5 6.18001477775785E-4 -3.986342889162872E-6
0.7262482050657368 0.21867462852420522 0.015678515820975146 0.002408384403250454 7.513993824524414E-6 6.787136781249807E-4 -1.2749870068927544E-5
0.4269544434810084 0.01162231290349418 0.024974109735337972 9.98267637522606E-4 4.983249107670406E-6 4.767271915555823E-5 -1.0849033344275035E-7
0.5462303558883093 0.1015700311218323 0.015339450406753954 0.004645421102508855 3.9172964580883026E-5 0.0014801356467656498 1.7962380681187348E-6
0.9389708262192797 0.3989401155769243 0.030089060344793087 0.013918731244783315 2.66918570101064E-4 0.00841280299674105 -9.94452221225199E-5
0.7619954384759502 0.2430232011934752 0.03909842408992863 0.00605616164490941 8.999337268825916E-5 0.0028351805886419235 2.4203905150604475E-5
0.591371066434128 0.13286032430580555 0.017402104086014922 0.0057397910708249815 5.346166198066132E-5 0.0018912178767337936 -2.0798167195491284E-5
1.1464878619523668 0.5494475824883909 0.04214704768866049 0.010864096503613137 -9.967690880792647E-5 -0.007322580597087541 -2.100204233860872E-4
0.5657243228236373 0.12836933244237325 0.005779613856445416 6.711707633367793E-4 1.2704685611011424E-6 2.2815625792938562E-4 -3.6514667805262846E-7
0.46674094325108884 0.07709234047304082 0.0019783805274535236 5.633476639874219E-4 8.200207460863465E-8 -9.213545362250535E-5 5.890493452112176E-7
0.6715423501505614 0.1646270863666759 0.012883329445555057 3.7799837336266755E-4 4.964450998048329E-7 1.223713228104946E-4 6.703460759125115E-7
0.7763559120316617 0.14324585426233813 0.02574478524368739 0.013828439286066942 2.0445517013713448E-4 0.0052260839048508655 1.620999531895067E-4
0.7963381024472374 0.16486474300184656 0.09365789264874297 0.02630371352492612 0.0013033753220962892 0.010492512435792085 -7.5545834854687E-5
0.9197860760552061 0.16175431144805097 0.13593343170177016 0.004904120781540981 -1.0873114056191237E-4 -0.0014804758067525575 -6.488723346099342E-5
0.7027042751762684 0.20032817147138066 0.027991014506154765 0.006701125283011413 8.612928508911943E-5 0.002968425804671749 3.169621852689709E-5
0.658612739855158 0.1151919953442957 0.028257332039978118 7.415349430008685E-4 3.2063480901271543E-6 2.447304213201626E-4 -1.1141286978836875E-6
0.7393465997412004 0.3712106285821288 0.0415325184021809 0.03492692257881534 0.0013264170048838354 0.02115334179926957 1.0096521553436554E-4
0.7054088840113495 0.15140488799034216 0.037044942361748996 0.003798082545275544 4.0235670963891554E-5 9.536529350268226E-4 -2.0266852384038514E-5
1.0686299091175722 0.4450346898841593 0.15203814483841005 0.01576931968950956 -6.998049194278622E-4 -0.0031738896186907827 -3.263009922915177E-4
0.3561098797902178 0.016378160309426164 0.021377336690709087 5.297442808077871E-4 1.251032538983004E-6 -1.6100293709458625E-7 -1.2700027021226942E-6
1.2396009872033615 0.5630014656393082 0.2745555628735579 0.03269014340221436 -9.983436749911156E-4 0.005053436394353656 -0.002931668751793493
1.008176080318184 0.2837304170057772 0.09556182596922877 0.013606021617789617 -2.5407413389491173E-5 0.004621520145521899 -4.899545607627048E-4
0.9838319635800887 0.3585558138319547 0.1311727898335234 9.482245169983993E-4 2.66112583331158E-7 -5.650095224336985E-4 -1.0571852682931083E-5
1.3963443062047622 0.8367287443886531 0.2454025372980975 0.028021767858548846 -1.9153969866678375E-4 -0.024605996994534505 0.002315807188151057
0.4370055405677564 0.09019305717738023 0.003998833327226613 0.0021439534105592768 6.144041545300922E-6 6.023057637285637E-4 1.2877477585022594E-6
0.32263315105795076 0.00428010626307851 0.0184694357627252 2.9410795972507957E-4 3.070115068614942E-7 1.707217882795539E-5 6.128701926661913E-7
0.31055954674521524 0.006666533018172305 0.011312816351038157 5.26245827554754E-4 6.200898240089371E-7 4.1747798080071144E-5 1.124353143456655E-6
0.6104150738434766 0.1348147911216594 0.01365797793461307 4.895307423100919E-4 -6.538142163302142E-7 -1.5992852658036578E-4 1.0838645456997305E-6
0.47621259242185543 0.0023812795470083475 0.06050728823633144 0.002039043244248093 1.2267534979118822E-5 5.99910832766053E-5 1.9038690011884876E-5
0.9682997529776733 0.18475771130411547 0.16879918217579915 1.849757045049425E-4 -8.498244522605315E-7 -2.4742480360666928E-5 -5.883455627230355E-7
0.6973026138019112 0.10405033066261692 0.053780931325229694 0.002790304961096727 3.399254255194208E-5 5.544808682467905E-4 -3.589560912046031E-6
0.3551457839639752 0.0062335256848444764 0.016800274418017916 2.0000326241312094E-4 2.753985216208689E-7 1.142588452327033E-5 2.420008819668926E-7
1.0009475542055237 0.29880423480493784 0.10927435466490323 0.0027003336838457644 -1.6145156745757848E-5 -9.352700977052294E-4 -4.348538355347458E-5
0.561341583500031 0.05172836763296804 0.02033592519880165 0.0022119776017437785 -4.3170622384248355E-6 4.989843136577778E-4 -1.4193516589420806E-5
0.5305931259613438 0.04317219733530941 0.013103816555199535 1.4292633503922594E-4 -7.236719946551694E-8 2.467690253334629E-5 1.8171976574571305E-7
0.58551047896652 0.05465987982787672 0.024967458912969948 4.3080886732273975E-4 1.2679659870450886E-6 3.5198917748942445E-5 -6.233566109648796E-7
0.4482909754352949 0.005898159596375862 0.037715364522321035 0.0017912505913884656 -6.558047194717997E-6 1.3752546810339616E-4 1.3181658223060412E-5
0.7484694933241054 0.1660666323331659 0.03512447239607817 0.022332695669846185 5.231184430521781E-4 0.009066095678243442 3.42896614613654E-4
0.9567201728304975 0.21214629014011205 0.12324237098287483 0.0024830996953683214 3.478511389344771E-5 -4.0921011302574774E-4 2.6016690350629475E-5
0.34271682674498594 0.00644784014693348 0.018969530832360523 1.6197237330782514E-4 -2.445653762753283E-7 -7.193854995581953E-6 1.4420823321761395E-7
0.722257207274457 0.11855137270381998 0.014734555043447983 3.110658437832193E-4 -3.553136414120662E-7 -3.619061306666706E-5 -5.632518133350381E-7
0.6938596779465461 0.09459284248703856 0.07491925126256738 0.030873479591208272 0.0011974905307621257 0.009495129194735814 8.779064877610493E-4
0.6987829929299725 0.11423850743459034 0.06571040959449108 0.02342770153312533 8.08829691461232E-4 0.007722983399190001 4.367257462026256E-4
0.5635845433376064 0.09212541980113434 0.033246466182107415 0.004533830179226752 5.395563709892042E-5 0.001264424543264126 1.368268989125727E-5
0.509148593319704 0.07944153800385613 0.009091080473578463 0.0014772187586991137 5.408498577484925E-6 3.855016345259709E-4 -2.3172762566348725E-7
0.7945258308146541 0.17256070697961717 0.07409658595845439 0.00364311255041981 3.9527909996128774E-5 0.0013327757593004758 4.494763474184644E-5
0.40182293321928997 0.00753564385626019 0.01997762455309547 0.0013313001483928803 -8.767852900371115E-7 1.1442595602763648E-4 6.809501935300979E-6
0.33196756879252354 0.006127679461612814 0.01653814883672839 3.5134587364013764E-4 5.938095396635952E-7 1.5744424651261705E-5 6.038830739204965E-7
0.43210209460738774 0.010619106142184734 0.02823473022199964 9.828145218825802E-4 5.1693260629483E-6 3.219893088806817E-5 -2.86338166918976E-7
0.4889474427005134 0.0715809733484577 0.012450376186231316 0.0025402728436533135 1.388053160269684E-5 6.744516604987635E-4 3.3796019368217245E-6
0.5422428519302992 0.07753707350143185 0.02673751157005321 0.011447669535496731 1.9095416487954753E-4 0.003174245413663691 6.040128211330973E-5
0.48142258362054824 0.04551066486836777 0.01937488871132851 0.0011572732994166836 5.269723162954004E-6 1.6685811781840182E-4 -1.503144294549811E-6
0.5802030295154257 0.06519569004947198 0.046375718039406086 4.313711853489811E-4 -1.197342313709939E-6 -7.472363640271056E-5 -1.5129280902508776E-6
0.4270049337231616 0.017739947742177898 0.025673675572448297 2.3658588776962383E-4 -2.7779683808895993E-8 -2.1864934383131807E-5 -5.824167045670705E-7
0.6838747475715033 0.20177146513551122 0.0020508124205568974 0.0022201432554445474 2.344272793517148E-6 7.125357955655601E-4 4.116645020737555E-6
0.6928398231148287 0.19743584323373625 0.01425453397802726 5.722396091297105E-4 -1.6261488852570666E-6 -1.9883024158445775E-4 1.6345956423475165E-7
0.8409066910212647 0.2645002827193514 0.0035926177022692443 0.002839751712038127 2.831302876527579E-6 7.926681095586089E-4 8.617176771799774E-6
0.8673174878544299 0.38504913302912414 0.01714228472038929 0.0017837297588513125 -1.89059599160084E-6 2.560999350692432E-4 -9.680541601564648E-6
0.8400409301155481 0.2701550869449213 0.09473033598302162 0.008103958111597706 2.2103189603311766E-4 0.0042079931014283685 -3.9526238593535934E-5
0.7085924769623919 0.1528817746767269 0.023619418777254764 0.0031369578038475403 2.2149505238759264E-5 9.41613119208691E-4 -1.5443868733373918E-5
0.9246854033486573 0.3212264613118168 0.026370782062886698 0.002371269080805753 5.272639047461904E-6 0.0010113090187468126 1.7994798262619672E-5
0.7158068024293017 0.22819059870494873 0.005479323866799401 1.1256846595074042E-4 -8.399061860549198E-8 5.254276448168817E-5 2.759427388633921E-8
0.794362417337019 0.2733795539534532 0.006969386532165391 5.859216720768533E-6 -1.1083707325014038E-9 2.8276615583591912E-6 4.1641572920100846E-10
0.640338055563535 0.19059319462552501 0.0034521271139972614 0.0011008636882975135 -2.070571754256787E-6 4.68699919721082E-4 5.642210282219438E-7
0.4574232531575132 0.036537848407482816 0.011415811018150182 0.001670066691270131 7.1806399146223465E-6 2.6774653100531054E-4 -1.2702353970640498E-6
0.4453062255174698 0.05714064214394485 0.0026468676925091184 9.86883983979202E-4 1.565306721111436E-6 6.795408843780003E-5 -3.064205164259118E-7
0.480736921514664 0.03358587496468547 0.013425223149208958 1.8170564980305029E-4 -6.541288764585942E-8 -3.2244191087445114E-5 2.7615931910615416E-7
0.49414718826524284 0.0920900615850482 0.01063456388644597 0.0029078940833550514 1.5867770855556554E-5 8.075436787428925E-4 -3.1151339264646912E-6
0.4584385953094004 0.04898270532440506 0.009409366477465809 0.001854240096749984 6.45570614745344E-6 3.8165528073429535E-4 4.279137335475788E-6
0.30781501764959907 0.004566879131319798 0.014818047850007735 3.15611417738019E-4 5.78600781715612E-7 8.317315275942741E-6 3.620419389564987E-7
0.9500502604254543 0.3620283959896653 0.021813252106110247 0.020982775380111222 4.4676129453699565E-4 0.0118128509244995 -4.3820051595819736E-5
0.7185562006016503 0.25089443187764604 0.02857805708230587 0.010024280713437635 1.577538896992924E-4 0.0040849145618206675 -6.245351798690622E-5
0.9272711513760175 0.4174544066779976 0.014152143066855628 0.004816532825220662 -1.1251130401061876E-5 0.0026168424821440385 3.8141237307724245E-5
0.49541372928684557 0.10540623698182068 0.005114789112532412 9.757220116940494E-4 2.1650044196927964E-6 2.915101874642252E-4 -2.5295394851937315E-7
0.4799649657212045 0.09114140612860225 0.007057117303448476 0.0016144688851988903 5.397090335734946E-6 4.8731996219431777E-4 7.541057428701773E-7
0.6797504147549305 0.15879412981447888 0.013146535626956179 0.0017861821894630437 8.631938563017237E-6 6.570237529076237E-4 -6.387899716515639E-7
0.5433439547034216 0.09650491852498097 0.0019766812944166192 8.511501067636733E-4 -1.1002127964480748E-6 2.5242672189026353E-4 -9.162671802940966E-8
0.6836331933474971 0.10560797041855177 0.02625393640312806 0.002894668418579892 4.681396541489911E-6 4.209284690059078E-5 -2.4796505819301786E-5
0.751159892113154 0.29422798492264374 0.0054319720279895675 0.0032798090410018636 1.3194631554447127E-5 0.0012854071912099592 4.189178552552873E-6
0.8797253361295767 0.2656445188183662 0.15700979367238932 0.030604503449321623 -3.698997705357614E-5 -0.0023967715874457264 -0.002121169399275181
0.8852176212426996 0.41649688855418604 0.06344038321340545 0.007973034776622463 -6.725976723035386E-5 -0.0033646568006406234 1.6622350742579996E-4
0.7732290716845224 0.3108360920564002 0.02976222263737504 0.02525483091192232 6.83377326042986E-4 0.010685569279594145 -1.113383697050102E-4
1.3450571200352022 0.8158629752709079 0.28368313578093474 0.01922707838672062 -9.088602384754122E-5 -0.006420158118316793 -0.001417083097584791
0.33298907104096187 0.007025543183652244 0.01856256143031732 8.815314828509661E-5 3.345748262382047E-8 -4.676601452339636E-6 -1.0768761406249246E-7
0.953028258996811 0.40490795303877986 0.11825442117987621 0.0035312766711798602 -6.734921107209605E-5 -0.002159582781374814 2.591107977959531E-5
0.6546967671378531 0.21408464348094455 0.029597035497945796 0.010872441722060271 1.823465908438016E-4 0.003695988963499909 -6.92008290515503E-5
0.44982778063672535 0.030056366381084266 0.01778029976243113 0.004083440509102192 1.1680881040840993E-5 -1.534821709361154E-4 3.2775062260724764E-5
0.6502607054863112 0.2217654523609834 0.015894858535800995 0.009803233945111381 1.223593216952009E-4 0.004215468676050084 -1.7678343665263113E-6
1.0043553466798887 0.4864633772982696 0.06823595649236998 0.006209482904916485 -8.039905853112243E-5 -0.0040418587959659075 9.936430604546773E-5
0.3730344197784839 0.06708773339985585 0.0056405577085509775 0.004092440347547926 1.875004980682781E-5 7.534369105025905E-4 5.91963717173928E-6
0.6540722706211962 0.22450993490040352 0.011234080158040883 0.009850547951201178 1.0301916712053282E-4 0.004161743554219478 1.117741820633203E-5
0.8817070654477244 0.33307365399206895 0.021740102122016842 0.0021874339344332664 -5.268425334779284E-6 -0.001258781575021088 1.4134646533734086E-5
0.8184727417751398 0.34613698280468197 0.05020140328056253 0.05079404292799351 0.0025642920711753873 0.028200532180512838 -5.762000939709029E-5
0.8186690238793828 0.2762265422211912 0.051232690492103855 0.05148044009197937 0.0024943327483479072 0.021197946014993408 -8.764996741783102E-4
0.9318322342256263 0.1873451795399286 0.07278917233740564 0.0036793736914810344 -5.004038840492591E-5 0.0013593080247156098 -3.349076339982447E-5
0.8091122418264391 0.23258610762481222 0.056433476098267904 0.004029471834081698 3.32624941629397E-5 2.541199770112414E-5 5.0850487835116916E-5
0.7593814402631327 0.16351502045166472 0.014181669083547468 0.015895327197266787 7.75595065056432E-6 0.006412682920836467 2.3852747777111476E-4
0.7953904343751392 0.14393936295999735 0.057816556065628355 5.637587747217176E-4 -2.37873686404057E-6 -1.4725356588599677E-4 2.168168058141904E-6
0.5720608743378117 0.10480876102525927 0.013291512696493086 0.004588293928234381 3.277946299527888E-5 0.00112599974276685 1.4470579010653917E-5
0.35330043257779953 0.008404135549239347 0.02101607869213787 6.326766799164379E-4 2.287351515824065E-6 4.103319907044326E-5 -3.004933929456476E-7
0.7357145148589112 0.26265102389547695 0.019817222296920647 0.018884537326806103 3.4764355948175684E-4 0.009123489022691798 -1.1228199355784539E-4
0.7964858621556539 0.2722021915022357 0.01945758673547878 0.003069630671611621 1.543202574383725E-5 4.0771510744126846E-4 1.801787588601419E-5
0.6846257825372807 0.25855227290687893 0.019426604290134673 0.0017668553301209112 -5.480748055961132E-6 -5.752414527472498E-4 -8.781417791326379E-6
0.7914270658017094 0.2556547021574056 0.018898578975994465 0.005727257000358616 4.5549313436111295E-5 0.002096636974778513 3.841345683410215E-5
0.8934760930102604 0.43968292397282527 0.008123033631237715 0.009293378759648497 -3.767329772531432E-7 0.0034235069824642243 -8.074485425654191E-5
0.2710848615238035 0.030156085513903894 4.0985885994614015E-4 5.647925038493084E-4 2.6917796673506876E-7 8.824167638415676E-5 -3.721320220684087E-8
0.4529722117528489 0.06769718396864466 0.0038850847506708666 0.00363388659936496 1.2680597907487542E-5 8.98918064425867E-4 -5.062798172241895E-6
0.3686966369279699 0.036342141739307436 0.017001256747216188 0.0018724154269182413 9.675700152872597E-6 3.270494967933552E-4 -4.241091374261879E-6
0.478734253510806 0.07529588685432612 0.018695124354452544 0.0040568946944073234 3.003333985968308E-5 0.0010965714968042372 -1.8608370589654174E-5
0.4897970872488841 0.06131602789598494 0.028229958325248057 0.0011950382920659383 -1.0305587092754475E-6 1.3909907057853618E-4 -6.864161854364247E-6
0.9049392480240223 0.5475937388041833 0.061636564931951576 0.022085086626685096 8.105924992659868E-4 0.014484850374217182 -8.300825526920278E-5
0.4766450432660981 0.1717818583716172 0.015051227842014557 0.00844634551343745 9.492918686388504E-5 0.0032221026139665626 -7.605751039141488E-6
0.7666848176153364 0.2525228834981282 0.016251004534147635 3.8654076672901117E-4 -9.643191828467762E-7 -1.902024989641183E-4 -9.304479671911374E-8
1.8032196410420658 1.3503465580073357 0.10924205211252322 0.012963738738197901 -3.8298879122927314E-4 -0.010920269797076968 -3.021946639679207E-4
0.6830218576686445 0.2553106809423671 0.028144463822263016 0.012748155069942875 2.1876538558470002E-4 0.0030622493673060696 1.022283002549372E-4
0.34251025098755417 0.003223240828946463 0.020260522178966102 8.674897612059867E-4 2.5821874578114374E-6 3.2767718599937835E-5 2.561009664233421E-6
0.5142991255342961 0.07367193891590627 0.010337207949870269 0.004597670042454853 2.9638900976444804E-5 9.622105011746657E-4 -1.1233426199531202E-5
0.42394052541971705 0.00764067450371433 0.04261778810980411 1.2444462649670846E-4 2.2222182389510306E-7 5.724957265493469E-6 1.8097175449169934E-7
0.38491380114483653 0.0061976410327303525 0.03176358398797013 0.0012534241068069807 7.153855419327412E-6 -2.3252934669069528E-5 -3.3722131995390643E-6
0.7184845688966488 0.19623996796469773 0.041657330114327214 0.007453368089627819 5.933216941253465E-5 0.0012371051326038694 1.1716700308199443E-4
0.7147267938552176 0.3524828358294227 0.021953988592700466 0.012680800181175534 2.115015825016241E-4 0.007193658177332485 5.797283671119593E-6
0.9344644346506139 0.450706444940037 0.44891291090797547 0.2803012162660985 0.09901366571187073 0.18762475728799569 0.009092203362972694
0.5950944145193336 0.14850984070829595 0.029101711313136498 0.005857143999204582 6.68409826553892E-5 0.0016547672376759708 3.71465186811107E-5
0.7833268382489575 0.28634484684685807 0.027568045054583483 0.0018742183612953677 2.5606790345733234E-6 -5.624894894514455E-4 -1.3226439586711699E-5
0.638009271572701 0.15807201050438868 0.012977494890359067 6.949768940396398E-4 -2.057691026630262E-6 -2.71722148537323E-4 -3.4935511107393867E-7
0.6545442450598025 0.13274954168572656 0.003915932919949141 0.02451306681801495 1.570678444972629E-4 0.008930955762693538 -1.8168677050034603E-4
1.0317722265696125 0.34419064184192644 0.0798057578925383 0.23850019490656515 0.02687734147669618 0.13501697917861252 -0.018981288948449176
0.3779761178095118 0.0648116047030546 0.0022492953915246028 4.6580205529164374E-4 3.936036216745136E-7 4.479858794166016E-5 2.690780899120354E-7
0.8795920857356077 0.3114252759825735 0.010252495356101562 0.005932388612096754 2.7989169199424348E-6 0.0030660935115578705 4.618096442037262E-5
0.329213761025117 0.006704775551538345 0.02019908509165149 1.4931380504875093E-4 1.9656739329856298E-7 2.610357076398481E-6 -1.6912084752041431E-7
0.5278158908536758 0.12405326525855227 0.0018118030468139965 7.345203006617502E-4 8.363314800085724E-7 1.838682074864819E-4 -1.36184685740015E-7
0.6017019692237496 0.1550501485616743 0.011220861224770817 0.006147926837445426 5.043676654370652E-5 0.0023711652890991398 7.972465677097309E-6
0.7709245879640617 0.26465414928323083 0.014397107888293004 2.8694630845985185E-4 -2.502862090492269E-7 -1.2991722607618502E-4 -5.267941427401673E-7
0.5776765733204753 0.134529214578809 0.02062641827613662 0.007628006110127861 9.560255157553047E-5 0.0015535752048141012 3.888695995083717E-6
0.4339983739736297 0.07006885071991184 0.006811031843029135 7.093095844934315E-4 -4.818485347592931E-7 -7.846364922760714E-5 -1.482720680904923E-6
0.7691496671598873 0.2420512390398484 0.046423479761422574 0.060409313991830145 0.003043039533155874 0.02943287003460262 -9.869166219241307E-4
0.7257220498304866 0.1697108361652125 0.005484586007401791 0.02438921576510395 2.8207650627727176E-4 0.009368095278315117 -8.038418950064399E-7
0.927897722467141 0.3839410866633308 0.02517297454800112 0.025581094754065472 5.891508254265986E-4 0.01538258947610922 2.7257800182169583E-4
0.6941049854230488 0.12172511341654654 0.0704503201854181 0.003048433625650761 4.2370689620245534E-5 0.0010635690307282388 1.4160053729276804E-5
0.7251691295598357 0.23142391055358202 0.0053069133766399275 0.0027428408324014974 9.439026943617995E-6 0.0012493941326901868 4.51799274856546E-6
0.5726945912605099 0.12389066825702294 0.010752234168779996 0.0051276705717916045 3.797043556125766E-5 0.0018047734045748005 2.8075516164801176E-6
0.5401870629232911 0.12843429531561526 0.00984846488337867 5.92991602590579E-4 5.308330213984577E-7 6.527274731779723E-5 1.3310929102444382E-6
0.4310544645928902 0.04920463694426436 0.02816625582223574 0.003977832582606361 4.004248081465369E-5 8.226843098878744E-4 -1.3016757420236872E-5
0.41314762980447806 0.037504399058895084 0.022260047622477123 0.0026687358819988604 2.055303595361208E-5 5.120196772913025E-4 8.201008858489393E-7
0.979467682222956 0.35032799686987026 0.13982742831887182 0.0968759400910536 0.01113475549468964 0.052267568403038325 -0.0017733898033463849
0.8653706695205596 0.4959220358859993 0.045756549865111656 0.005116875478306847 -5.1467815867950985E-5 -0.0025429514232649473 5.9001419857889205E-5
0.838382623728009 0.2846893644230505 0.010716198818840268 0.0031425933374509196 1.8235877072684564E-5 0.001641149545412595 -1.99561992317207E-7
1.5542325780505877 1.1452454419770983 0.27474775936059453 0.18039744409200842 0.040154852218473605 0.14860791470334928 -7.444226576824343E-4
0.7016471341780169 0.06682233679724439 0.015410355289310035 0.013248277997841207 2.6760360987205576E-5 0.0029269371587711864 1.8739670487430022E-4
0.6930897494848146 0.14058540941523323 0.10144242348543736 0.005233527523942343 -9.766980891539025E-5 -0.00192587729931477 -7.072415232892436E-5
0.9095601976989308 0.1472462142376416 0.23985605883981434 0.006180912284210573 -5.02116097829751E-7 -1.5694078771227445E-4 -2.3798700887882923E-4
0.3106622844127991 0.005173904459484296 0.013900701524427789 1.9454231445672349E-4 3.1535105837599756E-7 5.851481057527243E-6 5.386663186891946E-8
1.7274718153096973 2.1042445623261075 0.46039109029942804 0.3824873825019301 0.16028060989166734 0.5327163542899607 0.008488076509569904
0.8929218578495496 0.5864817159535367 0.03198443385049076 0.009672965754693499 1.4975571580065568E-4 0.004068392281015375 8.075371548511479E-5
0.8516582593997513 0.5059766621893301 0.08860885620639941 0.058397972785859766 0.004186912759062291 0.037037841406995564 3.416776674897543E-4
0.7626359556605359 0.39250652503790273 0.032167621115215365 0.007210488490899845 7.32076753127486E-5 0.0011103051787938125 8.185159654195929E-5
0.42697218973116785 0.14028588136075917 0.0019346400593788925 2.845377203350401E-4 -5.381658049183962E-8 -6.023407784460116E-5 -2.0413579810401806E-7
0.5500277488931882 0.12767164747222898 0.005682161960346007 0.0019567433825695433 6.0009676957186025E-6 6.095308807205197E-4 -2.5611563340192322E-6
0.7715503962226338 0.4532740635104275 0.01665051942337143 0.008345434223115789 9.785136215809131E-5 0.004227772587456767 -1.0142259962244032E-5
0.31289636210330696 0.0022929352620753144 0.016241655982311996 1.2199992513494412E-4 -6.635155570925045E-8 5.267076038294172E-6 1.5839758613485124E-7
1.1005773589642913 0.8966560822272658 0.0525255713614975 0.010163225906335935 8.253710940788237E-5 -0.002081039495226259 -2.1983509327954832E-4
1.336552797456915 1.3704448455826244 0.44140779401028774 0.46976021676760543 0.2138840146883798 0.5409252449669705 -0.0034356686561769767
0.5727725556858438 0.1005655849431474 6.693327876043777E-4 6.369493286497672E-4 3.95524663530717E-7 1.9743375452752724E-4 -1.2854824591438642E-7
0.42605710895542676 0.045395027328481705 0.003834842323409574 0.004176895032858164 1.670116900408431E-5 8.859779547515346E-4 -7.235886626665619E-7
0.4061447728735418 0.06268298794455827 0.0013961613003157796 9.01085592589168E-5 2.3236833501890948E-8 2.2390772769713956E-5 -2.194398916826111E-8
0.41830535721607087 0.06818043375679649 0.0030431667757278725 4.51607312465831E-4 4.760386953040222E-7 8.122492292230547E-5 2.3168477727492748E-7
0.4068211712837261 0.041385786561774995 5.001535362900663E-4 5.730042366369957E-4 3.0580829946538757E-7 3.2030807808014284E-5 2.405233500338488E-8
0.2931005860818506 0.001649854927604773 0.013274279341712257 1.372873052010879E-4 -1.3655842741273704E-7 5.572206331597688E-6 1.2529902826319319E-7
0.4347466566554204 0.0775369900372805 0.0022377668207526767 0.0033151969482407865 8.9465618083592E-6 8.799895112312842E-4 1.222210445000941E-6
0.37818930794451894 0.05107584864551428 4.619131277390371E-4 9.632609054629396E-5 -1.9069178675324745E-8 -1.4442851211695E-5 7.015429669167E-9
1.3947999556820063 0.35607314794055067 0.7126997455874089 0.13559884404519226 0.038384062618263805 0.03171781685518235 0.017424440001518708
1.3152963572110496 0.4826844311660272 0.015346084969897398 0.17652230982441772 -0.003421206344661259 0.10619686982260901 0.008526771584948543
1.2376408986358525 0.3997554496310783 0.03322508988210541 0.2224832217040417 -0.004339306966030161 0.12245484609026386 0.018629725314852543
0.7626504313753597 0.08728320418149084 0.10930288017216924 0.022882048598666518 6.891277811053543E-4 0.006615418676701872 9.135838816756793E-4
0.3004062167878966 0.003266523923786966 0.014994986403031733 2.953618571183949E-5 -1.624052551846773E-8 -1.6372342055408408E-6 -1.1073418052803798E-8
0.43755659378620826 0.04293108291725228 0.012153886774465356 0.0012144309790938093 4.083656189687988E-6 1.3591191646406662E-4 2.2566595762583305E-6
0.3293661870407404 0.060412331075917446 3.973717282524466E-4 5.361056701214064E-5 7.723722534513328E-9 1.3141316469069048E-5 1.2537309944810301E-9
0.5051722173936027 0.1164783384938251 9.260972844907223E-4 0.007269842223581426 1.8862488684504945E-5 0.0024810062183879327 1.6587231398492167E-7
0.3473226674565434 0.057914730852171484 0.001267614641208989 3.8495567259910914E-4 2.686504457354749E-7 9.258775739857962E-5 1.1850904659275985E-8
0.8272756751768366 0.4385759924045053 0.10149577342258799 0.06305585707586464 0.005038667721669049 0.03904989651023951 -2.4104970452653186E-4
0.3742100000111465 0.056880166240371025 0.0019688900643692873 2.2972039942285283E-4 6.391314406132318E-8 1.8216633637176013E-5 -1.4065325022076917E-7
0.5649456257962955 0.06329771687552231 0.027733112709732402 2.741764247704653E-4 2.934163215922132E-7 4.744252411650547E-5 6.967801301920981E-7
0.5072387079727605 0.08836928626635793 0.012819629470288446 0.004294534544830765 2.9405347519277766E-5 0.0010880537962588395 1.2275758376084579E-5
0.4519014855837388 0.07894396282158121 0.006374537384702484 0.00461328611956564 1.989490659610587E-5 0.0012959387047173192 -1.5167613813343417E-5
0.47833703124038074 0.11123801560570298 0.002452933111234095 0.0019863898643804785 4.132827162118776E-6 6.387927212417755E-4 1.464686844414262E-6
0.6194690718559361 0.1285238501130866 0.013379617976653765 0.005145985479469251 4.2699656730609326E-5 0.0017816623877535717 -5.0823197070893036E-8
0.5718855477113534 0.08578410662399809 0.013424956731194688 3.20796059576138E-4 -6.656036744691023E-7 -8.444738112866705E-5 1.3113778737737119E-8
0.4810263461593083 0.0860786803153367 0.0010303872554337857 4.079339602382325E-4 2.4544198216215826E-7 6.6401499903416E-5 9.851593631675869E-8
0.4564520242835341 0.05293114956878558 0.003999565127558871 1.977090878869517E-4 -1.694143142945284E-7 -3.460369769802141E-5 -4.6992970530317E-8
0.5118321143219664 0.06059933812020629 0.009231795155391995 0.0016246096600415136 3.929291533143873E-6 3.1717800948963823E-4 4.913848327019011E-6
0.5314304429558818 0.06393139943496572 0.014826795805365564 0.004773537133906466 3.979657249369336E-5 0.001062526233118197 5.383973422432153E-6
0.5252117704322736 0.11194253172286231 0.009201158793460956 0.0013716464608995087 3.2961848710883893E-6 3.8718889384911615E-4 -3.588871208817863E-6
0.4699002897772753 0.07891375173173315 0.005696001044426795 0.0029449429423054783 1.2059221862712754E-5 8.237546013064868E-4 2.3303351100003287E-7
0.8833153970621086 0.23843103854277192 0.029098022896862738 0.01231050729995792 2.3114764512496038E-4 0.005976252580208601 2.9278016800385735E-5
0.3380384991789376 0.04031677856379731 0.0023934190896260765 0.0014331669474637514 2.257604505192317E-6 2.877378216612505E-4 1.3959505040168186E-6
0.599492836496091 0.029150740217247968 0.03339133245975808 0.0019324076159704657 -1.5293426587518E-5 -3.2985846596671794E-4 -2.6575910208895432E-6
0.327986509927946 0.022011948315826386 0.01189210208354794 3.0592878926923543E-4 -5.486748659794041E-7 -3.9336199149286835E-5 1.9864011582901214E-7
0.3687010395534497 0.025042575137622466 0.019723897329161535 0.0070692730763090815 8.167322731043294E-5 0.0010638762607526181 -1.7251845923456535E-5
0.5677227770602135 0.14736816117124635 0.006259180174987637 3.313005875681326E-4 -9.275404376309432E-8 -2.0367350906205253E-5 4.679774339667317E-7
0.4827746599268308 0.017233112572527628 0.046395273140880496 0.017023457042855267 3.534674114355687E-4 0.001970220130702052 -3.2240598798047456E-4
0.3471191391731729 0.01459767238727923 0.019778077582073013 0.00705805227340751 8.174827909260993E-5 8.308507365430717E-4 -1.6470668947215122E-5
0.5893103870897202 0.1449031410180773 0.0011320172101012146 3.290270922073532E-4 -1.7721241039806582E-7 -3.838986874691612E-5 -9.443682185595205E-8
1.05412643153441 0.40135945545626545 0.04006255065048421 0.02645211404822117 8.582243546134955E-4 0.016715628357732215 7.046730267666693E-5
0.8656913817494574 0.2875230758520271 0.05928373472554385 0.0431408039347706 0.0021810807748617505 0.02312838223311084 -5.3040262281054535E-5
1.1085039975389352 0.48885798213822584 0.03157076546767554 0.0050086210252838805 -6.142126504098264E-5 -0.003052677851614591 -1.393635634144546E-5
0.8761617558855239 0.4240907408062239 0.02219932970373308 0.016288830411654485 2.426328694846251E-4 0.008390038275818154 -1.9253952108427467E-4
0.7042367831204612 0.2700966377638204 0.018675934706209256 0.023686851652658054 4.8516862677735513E-4 0.01021313355054284 -1.131940098558203E-4
0.38841135920768377 0.0681188537010369 0.0022599792399302094 0.0017671631014858009 3.1313590179276617E-6 4.594940672482695E-4 -1.6329545327355737E-6
0.367366114454292 0.0044489799766573995 0.031207244271404845 3.9074923326023255E-4 1.050979997493569E-6 2.2602351907962458E-5 8.702373573482265E-7
0.8835894121830474 0.3281332003460422 0.02566928606834981 0.0010819334585401622 1.1422552150505072E-6 -5.882350253701676E-4 5.586155999740156E-6
0.5219616623936119 0.006570941320910608 0.0736800851302344 0.03154313118433193 2.9679117093902484E-5 8.853351549834215E-4 -0.0015203708367300547
0.6432664711857186 0.2327704458576429 0.00933649944142823 0.006468793706035868 4.6589857346281965E-5 0.0028638221742614744 -1.8885677020838564E-5
0.5706514530448599 0.10920639293039454 0.024800418462960418 0.010997161150282514 1.711826539315529E-4 0.002734834086388175 6.0665522913032024E-5
1.0111291839711534 0.5209455375667459 0.03602923965822359 0.006399513441370261 -6.291307221636834E-5 -0.003438858325736457 7.40583579426183E-5
0.6586812609764584 0.1701777247234681 0.04860384491734801 0.0031285932479066694 -2.2911482633942E-5 -8.781986688065778E-4 -3.103962073920435E-5
0.7864203837437891 0.2201241256317623 0.02439181607110889 0.0034276234902352355 -2.073091667083307E-5 -0.0012681326589791572 -2.350494265794652E-5
1.4708739203624024 0.6516592462717158 0.3836332552090407 0.01898560269237535 -0.0016087374325538264 -0.014627777373919541 -1.9320244142369616E-4
0.6314850163135446 0.23382631484741734 0.014741746230791813 0.004619565662194632 3.811921797533316E-5 0.0019829774233305823 -4.642046656033458E-7
0.4636858013997832 0.033963457304849225 0.015589956322748746 0.004736025706429484 3.931576061374877E-5 5.291674945276555E-4 -1.0505848481287288E-5
0.41963343268689074 0.08339185524641246 0.005447921617004251 5.78780892980155E-4 -4.878233655495893E-7 -9.275729012055823E-5 -9.045963867690107E-7
0.4495583648682749 0.04566047371089167 2.9470861513114434E-4 1.0097547564256894E-4 6.079028149756975E-9 1.1690399504044217E-5 -1.632369035930897E-8
0.6059230160782594 0.12131814364935883 0.010995921862576651 0.0038360572023469455 2.0490167959720434E-5 2.5253408874918216E-4 1.4172520585836157E-5
0.4500892123662183 0.06432240471494893 0.0024141580565086892 1.1080752619654189E-4 -5.014042398083945E-8 -2.096738756120746E-5 -2.7757336624073232E-8
0.7000233896137013 0.21166680187500855 9.660187850484202E-4 8.127300791423201E-7 8.438819499265353E-12 -2.8302608139428816E-8 2.115128467068887E-11
0.5741908311032868 0.09495117505473061 0.006964020376227278 0.0021406224980033885 1.830703089373515E-6 6.277061227636443E-4 8.059646254824852E-6
0.38995805161605657 0.07427854289364022 0.011187058797372588 0.007191731310094012 6.385967549120187E-5 0.0019514730780314825 -9.11700182416609E-6
0.2996031073670999 0.045384442183211006 0.007796502326510789 0.004427716186045163 2.5903587987933068E-5 9.282381689256411E-4 -2.402305904606142E-6
0.5723003023451124 0.12997690481964147 0.003834518521796445 0.0018545836467520344 4.780814180573524E-6 -6.760570446855683E-6 1.266277608732493E-6
0.4529919620099915 0.08044824334294035 0.003528152397501838 0.0018356660640138662 4.611179013235786E-6 4.995932938114591E-4 -7.488174932996406E-7
0.4456391861172604 0.05448104536746547 0.0054522584975300326 0.0024205444924183437 7.630501390683607E-6 5.575855508597792E-4 4.370318788360087E-6
0.5768831489341766 0.058229157616836225 0.010993949191720715 0.001297604775996212 7.567295595818861E-7 -6.985264879214705E-5 -4.842293301725831E-6
0.3615231262103479 0.06010250464166716 0.0030359230461193703 0.0015154465718143304 3.14667505466263E-6 3.1307451181701487E-4 -8.151599636977461E-7
0.5150600922743678 0.12125771857905754 0.0020798050477822657 2.195228680386266E-4 -1.3444821706873295E-7 -5.5329468799530796E-5 6.265513039677897E-8
0.3684029792973914 0.045486313108153535 0.0021108537593804017 5.412660801767484E-4 4.866930735533322E-7 9.843951779365664E-5 -3.1282059729803486E-7
0.6042293089460717 0.1786880407870794 0.020215427149924352 0.010063388511160034 1.4346641552416767E-4 0.004231528988126848 -4.436721152697518E-6
0.3458605426490804 0.0035285375801994427 0.01750282725150829 4.045004755470546E-4 -5.942741114993525E-7 2.347439832553486E-5 8.973607583646432E-7
0.7675023359846409 0.13202950165485133 0.01340093342379713 0.0071283001979150695 6.484264138653052E-5 0.002589988260736732 2.548246632731739E-5
0.7081485211554753 0.15061902422730442 0.0032580703594136348 0.0019275664451684491 -4.617491126565562E-6 -7.429373007824539E-4 -1.4187107267992726E-6
0.3770700583678648 0.059186903482425446 0.010700501539359426 0.004628745795126335 3.2497176877066234E-5 0.0010264517176015906 -2.2640409372704843E-6
0.472581781678336 0.09879627824179561 0.017309412632418197 0.006712127569093096 7.073305513030295E-5 0.0019975017847553744 -1.5204836724865137E-5
0.4430732140850947 0.12551801092124595 0.0010909481657393409 2.1844585542108696E-5 4.995097898611269E-10 1.4501839672014783E-6 3.335034594986594E-9
0.359389393824995 0.08259080480016903 0.001776255155926647 6.721970516390756E-4 7.344852989130147E-7 1.8549263561572484E-4 -5.99644000322045E-9
0.3004943833292041 0.006623167268299402 0.007723115151917388 5.0517944697112744E-5 2.9114688542655598E-8 3.4630080308437903E-6 1.2167056151715393E-8
0.4763095735725876 0.1062197196387766 0.017672220528880893 0.006812919220883006 7.41175728056038E-5 0.00218043251082309 -9.748261545506588E-6
0.46422263354668936 0.08296464594568148 0.009362968739878737 0.0022509579597233447 9.673543421103208E-6 5.01049920595664E-4 3.6344055147292994E-6
0.7625247562149726 0.26186720791106843 0.00386484902396885 0.0021396107786682793 5.280675931856946E-6 5.753756773579621E-4 -3.1576333509668446E-6
0.7582193409795402 0.21592809451995643 0.01177014427054274 0.0015548782071783097 3.1299602379392547E-6 3.28591100645652E-4 -5.869329875598236E-6
0.6526420943582608 0.22947877777695033 0.015359943361775024 0.01190559960602414 1.5653070261708652E-4 0.004312735948899398 3.766487225543299E-5
0.47976076222045255 0.10128639280021393 0.019204247467452445 0.006634670844179749 7.487349534431899E-5 0.001985760270693171 -1.6038198859834034E-6
0.42174943297356027 0.08539768802707509 0.018185569572885446 0.009854610395729938 1.3083071146477858E-4 0.0028751017642172634 -1.694618140418697E-5
0.5197748557841565 0.16201659971376786 0.0019799656882000033 1.794050518868952E-4 9.436103010229521E-8 2.868395185282791E-5 5.0289507611149446E-8
0.39912401698741734 0.08679455268866317 0.005877963727575633 8.54319893254864E-4 1.6737852555961203E-6 1.6630127938065486E-4 9.292820458149548E-7
0.5487871332177447 0.11570007349311982 0.016251649544531257 0.010011630160509825 1.2767310692615125E-4 0.0033242640609603574 2.8277326603480013E-6
0.6763388969569912 0.18722700596486 0.038158449914837085 0.008780681860536085 1.5875503623956705E-4 0.0032026292057553978 2.5097302084060817E-5
0.46490834729845926 0.12023420348889194 0.02631312155417073 0.011497356848318326 1.997329976303531E-4 0.0036512914464344724 9.905097195742375E-6
1.8015418260991192 1.3759422621936248 1.321200330838173 0.20072230688386314 -0.09644339318590735 -0.1705934386769461 -0.03719147873334101
0.607988741182569 0.13190722201447613 0.009660774615068455 0.005824982467386147 4.354089718288324E-5 0.0020539884224943447 3.685842388879705E-6
0.6900101232812195 0.19224779609541093 0.0011655681381701954 4.225670001842474E-5 -4.068135531661467E-9 -1.2815638668239556E-5 -8.449731136114108E-9
0.31334484054613 0.005395880234518294 0.0114440501836042 2.2789185823062614E-4 3.220271857336219E-7 9.68831509211994E-6 1.7816983809760663E-7
0.29166163254810573 0.003746075824285376 0.010371064627582935 3.4025071798254517E-5 2.0123236196316307E-8 6.205944063898016E-7 -1.8926457386566104E-9
0.566951350353082 0.12811329575677505 0.00442759066468713 0.0012163442307488769 2.303931937845762E-6 3.459809632954411E-4 1.6308497153287281E-6
0.9038407480042986 0.3022776564828818 0.006873913665542028 0.0027848319875968144 1.2171672026354879E-5 -3.0599965283991786E-4 5.545567503011543E-7
0.5278503230527618 0.10616837655330272 0.0033541373045512294 3.0547141414176215E-4 -1.3461598755036842E-7 -3.5929109072096964E-6 -2.7836337438195677E-7
0.5151461596099519 0.10777511084522357 0.0024892301894856774 1.1317566017585943E-4 5.8378716368400045E-8 -1.4505981234433134E-5 -1.4156424876926074E-8
0.7779869149528393 0.2612971528671876 0.03018773507824005 0.0020146819291387585 1.4712986811152831E-5 9.98569473563872E-4 5.512495709084483E-6
0.4318967992616741 0.05782725028436239 7.864044749171504E-4 4.5699233569202795E-5 3.399597754565202E-9 3.4410720675881403E-6 7.968471749130775E-9
0.3319721405409247 0.0019414754572911052 0.021382116389107687 1.303559604296499E-4 5.755145173714606E-8 5.3800189864531645E-6 2.0988397959819235E-7
1.0073797035715883 0.39981383343458565 0.08610636997363363 0.012948864706856087 3.9935211693171286E-4 0.006229581415513862 1.6574073793810962E-4
0.30725309356264907 0.044947163253855546 0.006741353308308025 0.002749180073057857 1.1809017129800137E-5 5.612808640190323E-4 -7.879280550404894E-7
0.4704084986067924 0.10427693847674621 0.008503460720412172 0.006790644277147372 4.949835699045905E-5 0.0019809737280134694 1.4582591744377447E-5
1.016039908223763 0.31788244987227987 0.013312648585319867 0.009095173911359696 -8.271853199791798E-6 0.00306174390816003 -9.97379049254571E-5
0.5548259725048091 0.16541759446984067 0.003079853767491327 0.004876799633000598 1.8160297017492638E-5 0.0017029102401526644 -5.236682719860008E-6
1.1403570443387399 0.27226548041418674 0.235611847526399 0.09879800785731166 0.015072042146354048 0.05141481121014517 -2.2582905007263558E-4
0.41060340798381434 0.06550134044990434 0.004420844033433244 6.128072064761361E-4 -6.314563714526883E-7 -7.463464311152389E-5 7.86528977700848E-7
0.31480072588333885 0.006869832177513239 0.014478544202670886 4.2063578547966345E-4 9.125923077323642E-7 2.134611236711703E-6 -4.947125003854824E-7
0.7084330071340077 0.20857656313246226 0.002308520588525741 3.7096442774508457E-4 1.6802427628939917E-9 -9.079274531012356E-5 3.4328914727596066E-7
0.6339792769799468 0.13734926355704657 0.010386282750743853 0.0033755955253073878 1.7086949720013345E-5 0.0012502256868427808 1.0369722755298617E-5
0.6616576321792426 0.15675288626903158 0.006743458565497434 3.973205210964461E-4 -3.1730936813426934E-7 -8.533707881870411E-6 -5.676979684973974E-7
0.4708692431793322 0.07676381925701505 0.014089467065693667 0.0024473711301386328 1.294757711308554E-5 6.19075442806729E-4 -6.236620850018921E-6
0.6367287606583535 0.182720620753275 0.006588148626542717 1.6036879419407992E-4 -1.2979314794244505E-7 3.936935963584398E-6 1.016160650942686E-7
0.3388850671913347 0.010655792057452188 0.01927524605338312 1.158703037571757E-4 1.2568901448909697E-7 -4.826924489460427E-7 -1.191139027907609E-7
0.8497212560364237 0.3709340137844407 0.03983557775105596 0.004181019290912373 5.2485873521605936E-5 0.0018190952996419566 1.2519533197362906E-5
0.3309127308172546 0.058593004612229105 0.012787261052813503 0.007838349698260264 7.813950324385444E-5 0.0018767005320778616 -7.2377256034073746E-6
0.6277894057881994 0.15737780850533115 0.014183237657543661 0.0011775063750275037 -4.780576488269846E-6 -3.613936896546046E-4 5.497052901518586E-7
0.9218525438827334 0.30911549743901473 0.017238301421095066 9.973755433390573E-4 -4.036020258854016E-6 -5.026309497004583E-4 9.019280764836151E-7
0.3502910151518037 0.035266254283866275 0.0011459446243538996 3.249768411327176E-4 1.0395099480960708E-7 5.767510422962433E-5 1.6889023686843578E-7
0.8005699402815107 0.2261848947421649 0.03243206234079606 0.009806736189928476 1.6985713292939922E-4 0.004630990966887669 4.166941853815497E-5
1.006045654306192 0.3369742290460298 0.02348161100085736 0.013593714634124654 2.0631623702868063E-4 0.006412694347391158 1.2813552371229974E-4
0.3584811394819926 0.053768388784142744 0.0010574086040923522 3.260288933242574E-5 8.115307860076111E-10 6.300583896193053E-6 5.998842606302207E-9
0.31329985682685113 0.004130315904769559 0.011338951676608637 1.7292281050354337E-4 -1.1390782201294786E-7 7.470824453507424E-6 2.1367344269074428E-7
0.5318362319268233 0.10893038023983564 0.006458084240519701 0.003614631477841225 1.716173621927783E-5 0.0011924617570021657 -3.2360411605048505E-6
0.3150187555968331 0.03032256648166749 5.441693074202843E-4 2.4746134982601156E-4 8.00984581618488E-8 4.2115145593779944E-5 -4.278411962458088E-8
0.6205966465014421 0.11013603583214178 0.002278461323213481 0.01807662990624779 1.0465464151972987E-4 0.005693126732002285 -5.005822097037759E-5
0.7789787108491991 0.215820965075406 0.03196448025140407 0.030100838032538893 9.302601222182245E-4 0.013982843501787138 7.99317965891784E-5
0.7376456433385044 0.16782514081440852 9.826325085192842E-4 0.002917691607290977 1.3128469942881555E-6 2.360467263085857E-4 -4.762682575919019E-6
1.011877748002588 0.3755658810180166 0.06560834508162788 0.021074459591883313 7.672831597429019E-4 0.012602234058440633 -1.5925281936203712E-4
0.6510865348050558 0.1127564992782074 0.050510796568201025 0.0077288511130539405 8.582202866275578E-5 0.001485429853351353 1.263115433370534E-4
0.614997174106548 0.13589591307183954 0.027223922818049952 0.0036741896950457245 2.5253472008911442E-5 0.0010215543100411213 2.6694160402886613E-5
0.5985610604058899 0.13534453307006772 0.051087958597831516 0.02730051970952163 8.922267618264175E-4 0.007014027692920876 4.934041753760994E-4
0.6791283991092567 0.1706385590866585 0.04386610050124643 0.013638274883480121 1.9066508861332953E-4 0.0032199771905454637 2.737230733079655E-4
0.7324798836753548 0.20833475233487223 0.01766310738402221 2.858357074433224E-4 4.7035893694364954E-7 -7.54272100742665E-5 -4.3732761384178106E-7
1.390489988811804 0.9613718642637562 0.17526820670436183 0.02533914960890899 -0.0012146021808805668 -0.01234290297049491 0.0011731496546345064
0.4916031297839768 0.12821307502850135 0.00716497576981186 0.003022914917862438 1.3966773970297931E-5 0.001078492693471314 1.6883447044381235E-6
0.5865576967472133 0.16493717081173542 0.017186984245824044 0.004837275275990434 3.799425918734157E-5 0.0015264001048112862 2.2401020006591416E-5
0.6072224668527645 0.18228275874874422 0.011211462264428245 0.0035219711588727587 2.1976048348653668E-5 0.0014174398146531953 2.618066828879552E-6
0.40359062806296087 0.08497017656222239 0.01153214567303629 0.0053473710407334315 4.195656016851528E-5 0.0015108107082384763 -1.7224511179579083E-6
0.4904557297238654 0.1322281503813432 0.0028903807397762226 5.2191644851816505E-5 4.6437246521264605E-10 1.5207801777173217E-5 2.026585913853313E-8
0.6535179957043213 0.21596177833869132 0.03115406569033839 0.005743744568889544 7.41256840629984E-5 0.0013362713084263437 2.021766730346407E-5
0.5582776343503684 0.20686368806508498 0.004359747536521229 0.0058829164285824475 2.3759310611119474E-5 0.0025928354014458066 1.7976103459125607E-5
0.9905281532103691 0.31311269434784633 0.046637498584478285 0.1492455061486696 0.010124246405200396 0.07933396993295362 -0.007248306648940525
0.426134506819697 0.08190662840898247 0.01255971392802547 0.0035860343719531403 2.4034909511815546E-5 8.992627261079565E-4 1.2311948159068492E-6
0.8835137957197607 0.38107646675047385 0.03668308694623203 0.003532466038295982 -4.467972679542899E-6 -2.3408183849850508E-4 3.99624748343614E-5
0.3015367528047172 0.051323255259603996 0.005606186550584475 0.0017535887116503991 5.422324973079776E-6 3.378179012088061E-4 9.106428715172216E-7
0.9791409472965809 0.45123502659879 0.034561040267696075 5.849209012613834E-5 -8.254054587611192E-8 2.9039988316903536E-6 1.0169976999413139E-8
0.3631965522216299 0.056908004617496524 4.452351850841069E-4 5.567258878452897E-5 8.36218456907118E-9 1.0614603169262878E-5 2.626945583795736E-9
0.36115013316262484 0.06372341828180772 0.010704296504894554 0.004514666754838435 3.124941672451099E-5 0.0011158110483413454 -2.9106147687676998E-6
0.481619171305305 0.10433618472792527 0.011808636292442859 0.002331997200117798 1.115100375103938E-5 4.6761039467700785E-4 5.040929835581713E-6
0.559771422747821 0.1469304147669886 3.68806700244031E-4 0.0013332926723021504 4.901844967687914E-7 4.8454120477407813E-4 7.961455000365401E-7
0.5779500871091001 0.16653372861946097 3.0439002716880592E-5 6.256531531721376E-4 8.527480594171802E-8 1.8688733910079887E-4 -1.3525066012872831E-8
0.29801633534600286 0.004052451483015875 0.009339694233446317 7.420161332911942E-5 -6.017742083566358E-8 4.541131051621709E-6 1.3941473041622958E-8
0.716791031783905 0.1762314136160543 0.0015052647880674553 1.6791151642035784E-4 1.8652814842513208E-8 -6.969551139312425E-5 -8.232990075322243E-8
0.9500502604254543 0.3620283959896653 0.021813252106110247 0.020982775380111222 4.4676129453699565E-4 0.0118128509244995 -4.3820051595819736E-5
0.6838747475715033 0.20177146513551122 0.0020508124205568974 0.0022201432554445474 2.344272793517148E-6 7.125357955655601E-4 4.116645020737555E-6
0.6177403011465497 0.1810629285742053 0.030015224473940318 0.020541185338526204 5.079721034224205E-4 0.008665794008433546 -4.5944630940608617E-5
0.47183867080766584 0.08987759621565122 7.232543243510139E-4 6.811585215683385E-5 6.195250119205575E-9 8.73337613754471E-6 -1.37912111116776E-8
0.6311908268004858 0.18184917885856272 0.0023992000711142245 2.754031834067588E-4 2.2373880977082098E-7 -1.4437914526429707E-5 -7.522704801782666E-9
0.5143809813723869 0.11946478795514917 0.0040407378255800245 3.193759558300143E-4 3.5438331734273885E-7 1.1020087532561697E-4 7.775754590127628E-8
0.6928398231148287 0.19743584323373625 0.01425453397802726 5.722396091297105E-4 -1.6261488852570666E-6 -1.9883024158445775E-4 1.6345956423475165E-7
0.8409066910212647 0.2645002827193514 0.0035926177022692443 0.002839751712038127 2.831302876527579E-6 7.926681095586089E-4 8.617176771799774E-6
0.31436999987251274 0.033876413911926834 6.304976494520888E-4 1.3545970655926514E-5 -1.2470763382558955E-9 -1.9230915180583587E-6 1.0937321915347233E-10
0.4593116327122656 0.07486992530850946 0.006155497656808415 0.0018056996737550902 5.674129833615086E-6 4.919254547067856E-4 -2.011271640490633E-6
0.4961844495768042 0.09664462868356077 0.0048819072860096365 2.043946502327715E-4 -1.2928211201025502E-7 -6.294902375497636E-5 -1.5802813536598055E-7
0.7185562006016503 0.25089443187764604 0.02857805708230587 0.010024280713437635 1.577538896992924E-4 0.0040849145618206675 -6.245351798690622E-5
0.640338055563535 0.19059319462552501 0.0034521271139972614 0.0011008636882975135 -2.070571754256787E-6 4.68699919721082E-4 5.642210282219438E-7
0.7009049523926429 0.13112087543251427 0.02111308332778397 9.460032634587257E-4 4.164610094411945E-6 3.374822970848103E-4 -7.282474008731091E-7
0.7085924769623919 0.1528817746767269 0.023619418777254764 0.0031369578038475403 2.2149505238759264E-5 9.41613119208691E-4 -1.5443868733373918E-5
0.8613673230070168 0.21502883378493015 0.09759487367615098 0.05540011238554663 0.004070857101876567 0.025081206696339176 1.4974209938831032E-4
0.9246854033486573 0.3212264613118168 0.026370782062886698 0.002371269080805753 5.272639047461904E-6 0.0010113090187468126 1.7994798262619672E-5
0.5009668198347115 0.07122190866445885 0.0064141771265549315 5.534608642574023E-4 8.34767982287774E-7 1.4090067287255142E-4 6.249747120487808E-7
0.3937961237373798 0.06070573011577933 0.012769816445788099 0.011693587197225706 1.385696895271604E-4 0.0028493243561924977 -3.488744337753013E-5
0.9272711513760175 0.4174544066779976 0.014152143066855628 0.004816532825220662 -1.1251130401061876E-5 0.0026168424821440385 3.8141237307724245E-5
0.49541372928684557 0.10540623698182068 0.005114789112532412 9.757220116940494E-4 2.1650044196927964E-6 2.915101874642252E-4 -2.5295394851937315E-7
0.4799649657212045 0.09114140612860225 0.007057117303448476 0.0016144688851988903 5.397090335734946E-6 4.8731996219431777E-4 7.541057428701773E-7
0.5433439547034216 0.09650491852498097 0.0019766812944166192 8.511501067636733E-4 -1.1002127964480748E-6 2.5242672189026353E-4 -9.162671802940966E-8
0.31279173613654376 0.0052874088803656245 0.014334195415487168 3.089866734187312E-5 1.9313955905654753E-8 -2.5129385790078395E-7 -7.058836673086647E-9
0.794362417337019 0.2733795539534532 0.006969386532165391 5.859216720768533E-6 -1.1083707325014038E-9 2.8276615583591912E-6 4.1641572920100846E-10
0.640338055563535 0.19059319462552501 0.0034521271139972614 0.0011008636882975135 -2.070571754256787E-6 4.68699919721082E-4 5.642210282219438E-7
0.6836331933474971 0.10560797041855177 0.02625393640312806 0.002894668418579892 4.681396541489911E-6 4.209284690059078E-5 -2.4796505819301786E-5
0.4574232531575132 0.036537848407482816 0.011415811018150182 0.001670066691270131 7.1806399146223465E-6 2.6774653100531054E-4 -1.2702353970640498E-6
0.4453062255174698 0.05714064214394485 0.0026468676925091184 9.86883983979202E-4 1.565306721111436E-6 6.795408843780003E-5 -3.064205164259118E-7
0.49414718826524284 0.0920900615850482 0.01063456388644597 0.0029078940833550514 1.5867770855556554E-5 8.075436787428925E-4 -3.1151339264646912E-6
0.519445592356563 0.07655538467309285 0.013055069148278226 0.002810045209459047 1.701455539736814E-5 7.740944380809049E-4 -4.304596475028354E-7
0.6530071139583558 0.19647562309505007 0.007916470037205761 0.0017686099030253745 5.25607205294061E-6 6.305846930035616E-4 4.021073136493507E-6
0.49328642189011546 0.07098513642271109 0.009352131586077235 0.0017298815956020442 6.258170411783628E-6 4.364725845743212E-4 3.0410610091907144E-6
0.685505035868286 0.11649748962309568 0.08158202908617765 0.02705340524430707 0.0012541929461752372 0.008407350808609155 -2.0573417347779501E-4
1.0121841669651537 0.29909308422814573 0.19140713338303655 0.0976667215103802 0.013253057112475826 0.05220113884276551 0.0016357297120425892
0.3750824517447715 0.03500432411971235 7.423800504924377E-4 2.3993644611349912E-4 9.072282581642435E-8 4.144032697856322E-5 4.4987553301963764E-8
0.7320177471191993 0.23560919111493228 0.04350337351437789 0.020198429259806028 5.803497445762764E-4 0.009346530444752402 1.4725178158404495E-4
0.7786958070276784 0.08779848463312842 0.04011009833921496 0.010872985359299706 5.250962122698295E-5 0.002976794172454476 2.2090998929505786E-4
0.8303102869246592 0.23332957977575064 0.04438537540104019 0.060902752169561786 0.0031213511434067935 0.02545374656943801 -5.326320890028811E-4
0.7228178772253397 0.2014303838222453 0.043862762862712394 0.06253266809971825 0.003243013802187263 0.026218468140798402 4.56447748795233E-4
0.5797019249938424 0.09617262839614185 0.007292897794394465 0.005017002893026994 2.948329525055059E-5 0.0015555681955800955 7.188825625142367E-6
0.45502279705098786 0.08229841961735179 0.009896458450043881 0.0037378079883023567 2.071967139503781E-5 8.474343308282183E-4 9.354413480624123E-6
0.6933181334917997 0.10679994382912425 0.022178052666242825 0.0027141071684695633 -7.881117329893014E-6 7.074908300045734E-4 -1.9526824371622265E-5
0.40677846709359183 0.07902143640339085 0.0016737664337100069 1.5074563055364232E-4 7.437424963506333E-8 4.137080947643737E-5 -1.4215938864089157E-8
0.6637267324858985 0.1091728774215133 0.01582255598050644 0.003944441921675512 -9.14216518084814E-6 0.0010132850180673547 -2.9790138642373912E-5
0.43297630166821566 0.05271084711863468 0.005708524856662916 3.253918997891232E-4 -4.0530001028893E-7 -2.557753539112784E-5 1.800128184905966E-7
1.0100810263274649 0.3796473890328282 0.0480551739427633 0.031554021621621894 0.0011349061198311387 0.019357532487748855 4.708880623176192E-4
0.522679858819303 0.09912607057594672 0.011412660063591765 0.004279072580537836 2.983436540335597E-5 0.0013471919606998094 2.028068057122212E-6
0.39778213352064984 0.03790500033486202 0.002323908953248205 1.946092601499732E-4 -7.894472505061012E-8 7.589582545919365E-7 1.043831744602495E-7
0.4547695053262784 0.06368578976484415 0.00309438356618886 4.430684493924109E-4 -3.9579995275756035E-7 -2.0073151737371395E-5 3.3539169166995984E-7
0.44710249282721093 0.060780749961359376 0.0014394255231997563 2.742966722237384E-4 1.7009931130368387E-7 -2.8959503173209308E-5 -2.7797093153662445E-8
1.0317215443701677 0.4368354059519932 0.07639231862517588 0.08626794916407142 0.006193469155490768 0.055268556917522915 0.0032689938601397723
0.30765547764175627 0.035090967409093364 0.0010335660987550654 3.896536177516788E-4 2.4221623994684797E-7 7.028889036921518E-5 4.978138287493346E-8
0.5253288926072878 0.057671557152934566 0.03476136129371185 0.001461291373058607 -6.830103000493722E-6 -3.4494349414817524E-4 7.862511857859524E-6
1.0412522123685675 0.4251178783828918 0.05395299395216019 0.01408751551612757 3.862540688405607E-4 0.008968415165615265 4.0602648479838365E-5
0.5435570285541513 0.1036877537739394 0.008031528573893196 0.002222672157466756 9.28375020677027E-6 6.9756155755765E-4 1.4152796673005661E-6
0.27928939928444324 0.020834279661850533 0.003635151406151434 2.206654562338546E-4 -1.6078606005023369E-7 -2.8536705264383585E-5 -1.1492276685059161E-7
0.4289857875737503 0.08553439064450008 0.004788550118928387 0.0012624114402733696 3.0961800458687827E-6 3.3714577290125527E-4 2.1834072629182778E-7
0.5180078633796131 0.07803074371644961 0.01604548373509896 5.830442461882019E-4 1.7820110904901837E-6 2.290532408764075E-5 -6.824864103857281E-8
0.492660458552796 0.07242625278566926 0.006829945415358077 0.0015477372249777833 2.925015345617327E-6 2.834684368432796E-4 4.094743154288762E-6
0.47664152312124336 0.08904468619772024 0.0027854872025571756 1.8292655686488084E-4 9.597229988149104E-8 5.458317848879315E-5 8.854148736398295E-8
0.30639147808052575 0.045713587691359074 0.001697698532678759 6.128631846202872E-4 6.251193097314173E-7 1.289527616889524E-4 4.7755841202857614E-9
0.34430607899710425 0.05717851383500757 0.003420028286173266 8.882373352468438E-4 1.4878664902101425E-6 1.8323330455165813E-4 4.27750372397244E-7
0.3645617071253978 0.06643420884936703 0.0013089664404114102 1.237673734650163E-4 4.441071097849767E-8 2.8275074564857445E-5 2.2569358073534537E-8
0.3622913898834895 0.04770507806727408 0.0036570266976235976 0.0010516567420202527 2.0560111543775123E-6 2.243138711266147E-4 -1.6234104387490354E-7
0.533749160862899 0.12641612729468132 0.003908850021915024 3.0982662807133726E-4 2.977122607774237E-7 3.0079991737371825E-5 -1.6619474566068873E-7
0.30895501150012095 0.03184831648810678 6.136556963169328E-4 1.2120786533933236E-4 2.6521660769513513E-8 2.1324255619719986E-5 1.973176014651899E-8
0.606304165161245 0.17416463397948345 0.01453529446802949 0.008850763384705968 9.822003220882558E-5 0.0035604368782105695 -2.0751675133131107E-5
0.3706612386943262 0.02858928631830788 0.009724063427472139 6.146501749791324E-4 1.4837414518458272E-6 1.0376438166942583E-4 -2.3780715728663923E-7
0.42700995774296335 0.06652906815825428 0.004520958508789861 0.0011830166919706714 2.520700879321873E-6 2.996048644226948E-4 1.0636082067218163E-6
0.4982610586223398 0.017295520529501014 0.014488065598012242 0.009902218823847092 8.539289194133986E-5 0.0012290066946247715 8.231199008283135E-5
0.6284418152798397 0.16855033112702783 0.011515045473093108 0.00891500117851747 8.902413802414362E-5 0.003064629178422375 -1.5283003507022264E-5
0.5327929204464664 0.08765494398425865 0.02105815980607096 0.010541811079291624 1.4017270675395884E-4 0.0030989264458768026 7.086211454297119E-5
0.4687877175086914 0.08346962895116436 0.0031935459179460537 9.014719909305256E-4 3.010784936193605E-7 1.6866485362524705E-4 1.4996294621332257E-6
0.38820171431908784 0.05900724919475486 0.005517059033900291 0.006776815738694736 4.143469988614706E-5 0.0016302660231559724 4.716465801868519E-7
0.5478868131395775 0.1125047820872686 0.003733418403333017 3.089910510742379E-4 3.1973846390100855E-7 8.017172301977673E-6 -8.892208031957204E-8
0.41705255306675143 0.08258970479430033 0.007049737259580413 0.0027302110038104864 1.1838852494851862E-5 7.599736519901693E-4 -1.8198151678019822E-6
0.5873010026050502 0.11458414998750543 0.010562769274287617 9.746864506281818E-4 9.520517065477157E-8 1.4013818042162365E-4 -3.1259711249495355E-6
0.8802672969026765 0.2613564607067451 0.04300016217224899 0.00659320435161681 -8.363308048705878E-5 -0.001040712567150231 -7.300503581190505E-5
0.549013176118967 0.11069099391185569 0.002064202107013727 6.576894900811512E-4 4.047772224422943E-7 1.9241769397486164E-4 6.506876698391113E-7
0.8425699770257904 0.21131525818070102 9.5097318652458E-4 0.001790356361210578 6.089862084907679E-7 -6.845980465964815E-4 2.255337571846766E-6
1.074379072638949 0.4184432541534426 0.034916716931541594 0.011201271100419623 1.276867165927752E-4 0.007236223531900642 1.8102010845965144E-4
1.7141417824058827 1.9928139973199666 0.09082369439610888 0.10137151554269316 0.009640142958158005 0.11699122832101927 -0.0012960744652675302
0.5542959222457512 0.1509071156335733 0.009491880771084545 0.008767770231114292 7.983872794775943E-5 0.003145938772975499 -4.839098797130618E-6
0.8858846129451015 0.4350214348939158 0.04156936711804555 0.03471821932698888 0.0012367463277623693 0.019434533473717045 4.5830542614999474E-4
0.38792848122519746 0.060557147373916556 0.004473648363157338 0.0015710526423402223 4.000172556829764E-6 3.6206056447275265E-4 1.1601750374449507E-6
0.6189886220162347 0.16208559032272737 0.010702740170159566 0.002085397193755653 2.7630031304300816E-6 7.593616000925207E-4 -9.456771022303863E-6
0.5611150120126305 0.11064305493205173 9.67376078555401E-4 4.689575583225197E-4 -1.331642983735643E-7 5.945480294016471E-5 -2.8641988188948104E-7
0.5988650772976412 0.19234093460054302 0.010062504558136353 7.412345912044603E-4 -1.957961846305147E-6 -3.1589924189610077E-4 5.141949617622759E-7
0.4612517705050677 0.0894480559456358 0.0016086595895293445 6.909454027608201E-4 -3.9669293469502395E-9 1.6802205389096904E-4 7.28435719468057E-7
0.8286949862721116 0.28423853793142606 0.016868621143596902 0.022036630555910767 2.735032577216438E-4 0.010496475296391526 -3.2513342117402753E-4
0.5384602729896284 0.09114968135406579 0.0020914816461397676 0.003154477215636816 -1.283140432548205E-6 7.033753879484906E-4 8.000236196494571E-6
0.7471730462747417 0.29271483281002164 0.02767168884166862 0.0026259442281585926 1.863074537511557E-5 3.266061047544758E-4 1.2407986340255888E-5
0.6156421329826554 0.20058490070171386 0.024227684629748735 0.012123229011030585 2.0370227714908972E-4 0.005426001744850078 -4.091296211593112E-5
0.8410438876085622 0.20554984334332277 0.0620826316970678 0.033186467648576745 0.0011219235172470396 0.012359630543418773 0.0010051792723512888
0.48653467423791535 0.11602959874179691 0.00818828834537792 0.0013487450880959304 3.5713513189785272E-6 2.866441591736744E-4 2.708427618760172E-6
0.805340526307054 0.20758847759759164 0.03259147218235354 0.01580509275444869 2.9818282088043294E-4 0.006632036788687916 1.9940483004335792E-4
0.4371501605133764 0.1129645110089039 0.007319590423684871 0.0040157281569846975 2.0430171507617034E-5 9.431552439795322E-4 7.5239332791500885E-6
0.733609097847802 0.2955276515504024 0.028529742038030485 0.013564444800161002 2.657039305926337E-4 0.006410696063118745 -2.460371385290541E-5
0.44597924865292016 0.04782519439611684 0.0038671825336416567 4.4452707673698444E-5 -4.653877416172705E-11 8.964476490588433E-6 -1.8430761558185863E-8
0.5385485289710847 0.0771860436853042 0.01781820420483527 9.458845899304689E-4 1.8995512076003373E-6 8.96914262578418E-5 -3.386872896236154E-6
0.4172355308938834 0.09913459309096377 0.008447096263028484 0.0011980356532488453 6.091546709038275E-7 -1.4159233184509742E-4 3.7621733522913514E-6
0.4143900107550349 0.022026650336698102 0.0020692298292322134 6.819049525987554E-4 -3.9207162608717955E-7 8.383101539094484E-5 7.087984833233641E-7
0.5467159572169179 0.08197083941980977 0.04286355681346654 0.008838897380896297 1.682633524693962E-4 0.0015849399928896258 3.587220586645801E-5
0.5387978206833122 0.1196328736910862 0.018565857380783302 0.0038072316585713688 3.0328050546250106E-5 4.8198749045172385E-4 1.0236326454010993E-5
0.720085572840956 0.22549993607258711 0.056048675788903046 0.004576121161340501 -7.27780306067957E-5 -0.0021717306346052323 -8.6250940324124E-6
0.38811340391787896 0.06964896652253139 0.008983318550432181 7.406156585760185E-4 -1.6485416278995993E-6 -1.9222476906565194E-4 9.652254151470645E-7
0.7582163057922632 0.2189059581683352 0.0339412025875416 0.007877493607208913 9.77672480132944E-5 0.0017576149443222565 8.386468263318694E-5
0.7195286089539151 0.26217715914148826 0.04466754285751447 0.034045963489114706 0.0013215470990345208 0.015743657199938935 -1.2749928318909505E-4
0.5026663805384448 0.13137425279972556 0.005681147532343246 0.0060148845246153024 3.428059846109095E-5 0.001993379547661458 -7.818165903498815E-6
0.37138685761826107 0.05308838135425431 0.005940380771151784 0.001077230522675842 2.138072753365695E-6 9.850283733164118E-5 -1.6894950066141725E-6
0.7401189386975595 0.2956529305114363 0.021080580916281032 0.026976673956342935 6.176540410294698E-4 0.01437282462926434 -1.7988352513189328E-4
0.5210440253401218 0.13758309538282337 0.004299112937294909 0.006001970630195619 2.9622840672128324E-5 0.0019787179797416373 -7.211863655476066E-6
0.412925938011517 0.042918134645722965 0.0042869447690076865 0.0015326203190118258 3.521459963564921E-6 1.0853483512456588E-4 -1.7413686640879142E-6
0.34544182216146735 0.025016924287895793 0.001708710350325015 2.713475150045278E-4 1.1138373624278133E-7 -4.118914077283595E-6 -1.474187438124339E-7
0.3111944657012595 0.025581456771490152 0.0021490342497120524 3.0030936167517826E-4 2.2063952291723965E-7 3.0261708493371366E-5 -9.757978593744843E-8
0.31079050014766774 0.010867612662883852 4.4037195017972966E-4 3.508381200078778E-5 3.9006643161620654E-9 8.850092269627246E-7 -1.9498022692439904E-9
0.33998190937522776 0.045264698901223914 0.004363441485402153 4.175791048189417E-4 1.46858091358292E-7 2.7860371659493208E-6 5.441997283020012E-7
0.3136385260243506 0.04000003425990385 0.002840857937823709 0.0014165542161060688 2.837188350304941E-6 2.8211258132143044E-4 -1.5963950481533715E-7
0.35505550179684525 0.03753986451695815 7.466072375185288E-4 5.8307688725576816E-5 -7.217666494315023E-9 2.695661258198943E-6 -9.793263147746357E-9
0.2790027507498921 0.019922798599422413 2.9869646320976074E-4 2.854458747482494E-4 7.056324313183285E-8 3.697222453643087E-5 4.4360953689622195E-8
0.42100884414992246 0.0731221319392919 0.0033783113202538436 3.825630882871205E-4 4.34666155175905E-7 1.0296027023770197E-4 -1.4711550900986711E-8
0.3678345473545333 0.035137865271004626 0.003288861515631365 5.338094682908652E-4 3.6196220363150255E-7 7.4668935438863E-5 6.076621592632101E-7
0.6090626939984165 0.07633521734449558 0.03411955127406727 0.0020373183832864596 -1.9056384405019277E-6 -1.7369095778801925E-4 -1.687872226941763E-5
0.5442075744966351 0.06979672466911126 0.01675341471467749 0.0014676537273466189 -5.856526004626684E-6 -3.4814413192593176E-4 4.320219248045952E-6
0.43285698532114847 0.08158826592869885 0.0047730984304464865 0.0020643774162133824 6.442369026826021E-6 4.670662312450633E-4 6.985631390152066E-7
0.5465950668112328 0.09411387930036769 0.01996531556116215 6.439090315523832E-4 8.823267743970907E-7 -4.625366684833559E-5 -2.133489125461118E-6
0.4573136515026089 0.06871717104030198 0.011815201396621507 2.825941822409821E-4 1.358238140778973E-7 -3.4621337701225544E-5 4.981919862570933E-7
0.5165576235416773 0.09317199648380896 0.014362242999071162 0.011270011839000019 1.4112182596127279E-4 0.003361925208919812 -2.5363710992279497E-5
0.3122942125360732 0.031072731249344804 0.0014750639924056494 1.3813786697347655E-4 6.197169691768654E-8 1.559743744109837E-5 6.907480112776843E-9
0.3496329064296283 0.052933504397306985 0.005817934584383702 4.886214577701466E-4 -5.450628243558083E-7 -6.934833709201389E-5 6.177539489961632E-7
0.657266910215767 0.17802165843546 0.03616603476767427 0.002390996599441219 1.8250519735791246E-5 -3.9674186865977675E-5 1.2699299534897297E-5
0.6922619320457191 0.1957514739651149 0.04708660825651772 0.013122399483820511 3.251099145470587E-4 0.002185312561701692 2.6503810940518364E-5
0.4749735396431609 0.08515431498449329 0.02673290639091589 0.015074514231131252 3.018852412308004E-4 0.004056909989172648 2.097947755753112E-5
0.8664208571404279 0.2624504793077453 0.04555198133422346 0.002140109423098894 4.246332782672972E-6 -4.185288841356596E-4 2.069932918157823E-5
0.5231837110403912 0.09865539564944592 0.005470533354702071 0.0011411589894874377 2.847868451312541E-6 1.2171385402904023E-4 1.3865719406089774E-7
0.7724869339988816 0.28474400137202505 0.03628596846960427 0.005722542788157549 4.9519399916526406E-5 5.289445073085796E-4 6.59377077893661E-5
0.6367863662379275 0.1762108223964067 0.012901917784949075 0.0019950492613265993 -7.972074990841567E-6 -5.194435895544153E-4 -6.23672751657215E-6
0.7651642070810596 0.2602978714469987 0.025928402961806117 0.004499847255209091 7.599587106835976E-6 7.090028590117214E-5 -4.800761822706908E-5
0.7441009334926734 0.15456989180076894 0.03364887830956854 3.757498486806839E-4 4.733738697873671E-7 2.2053161769096085E-5 1.2494141078386093E-6
0.48153041779133465 0.10636954828393817 0.009879154115442573 0.004089118038236934 2.5428060840135685E-5 0.0012496632940549228 5.37473938177159E-6
0.45794848086335405 0.07662098183717767 0.0019332753827257833 3.703937461610701E-4 -2.2170503579851607E-7 8.361444413594166E-5 -2.2155369740472053E-7
0.306504550191044 0.029144451100782537 6.26350872656365E-4 3.6614990391474884E-4 1.749751233953114E-7 6.21761488312702E-5 1.1406991865115775E-8
0.5849498237257779 0.13070340525169885 0.00514111025412101 1.780626232286437E-4 -1.2656707225519458E-7 -5.723983176153498E-6 -1.1404374641121291E-7
0.40437272713725714 0.05435125751712214 0.007380802664346264 0.0027052098599854883 1.1595026997116846E-5 5.288259361561485E-4 3.4167641876928177E-6
0.36431641847843615 0.08398817723344792 0.0019170223091267658 6.946562812128429E-4 8.012646392997296E-7 1.8541454215027689E-4 2.3865718075897745E-8
0.5881349822532982 0.09539069797807345 0.04889564227125822 0.023336779472257402 6.685393670623839E-4 0.005939579187664849 -4.1771536450221805E-4
0.44105146031362646 0.10811246257849912 0.0032098807882464447 7.027105967144013E-4 9.993541914164523E-7 2.1989120995567302E-4 3.3929326348224703E-7
0.43802623566139043 0.08916160371696663 0.0011999570291409006 4.4817416963528956E-4 2.982478188769181E-7 1.14243364018235E-4 1.3808958385443288E-7
0.2862038581549752 0.030264850641002254 2.352260818206201E-4 3.640844153759535E-5 -3.3338305067886184E-9 -6.093831121002382E-6 -4.879346460635056E-10
1.0642060063178467 0.4474762789727165 0.058837869606954404 0.011088702397893072 2.7896812869063366E-4 0.007113993361901419 4.898800499796136E-5
0.3749259494672303 0.03608698947249428 0.001295899426933718 9.950315656569244E-5 -6.157133319361052E-9 7.691933531808472E-7 3.5196152812230145E-8
0.757348533595666 0.32797081501115993 0.06627234903168804 0.012369066527040735 -1.9721878508255364E-4 -0.0041377832269616985 -2.9413928576389026E-4
0.515872807966721 0.11558597187124199 0.009387591473048441 6.510600591035386E-4 1.1339783494104486E-6 1.7008299685224002E-4 1.14227597147735E-6
0.41622531195311707 0.07679593306870722 0.0013345451204171174 1.424431293906394E-4 3.901355376474844E-8 3.235391281531972E-5 4.832199220309619E-8
0.531613648377879 0.11771875562097031 0.006760526823302915 0.0029662962006540665 8.387950239985071E-6 6.154122580676946E-4 1.0300159010818926E-5
0.5228024542541488 0.11602777463793179 0.0031132852616216626 0.0014895742276061414 1.8017347515563698E-6 4.67656885035805E-4 -2.6539620774793854E-6
0.7319294202226575 0.2218817841610331 0.006468684016555626 8.254430695322471E-5 3.654466371495962E-9 1.4400094172454476E-5 6.020604071093264E-8
0.41658153489085215 0.063957210961626 0.0016272561985724934 4.6198556629943827E-4 3.938329929208993E-7 1.1563389281677698E-4 -7.311705515738679E-8
0.7189437220335199 0.19569002540404984 0.01022640990343752 0.003148261605962139 -7.53484367018568E-6 -1.101043947827399E-4 1.619668545951462E-5
0.8712403736928209 0.2860940681794662 0.056807362241423305 0.009598110870202308 2.079493540323847E-4 0.004641349246658599 -8.358779561231045E-5
0.4144872774368911 0.046485074574239935 0.0060865780099274795 2.871716385559423E-4 -1.618394077563427E-7 -2.2820685663814336E-5 3.434420254460373E-7
0.37947490421048996 0.06295364455300798 0.0027651249035323612 5.934245986801096E-4 7.583830970896652E-7 1.486116597879802E-4 5.196263558281555E-8
0.5456473974103739 0.11581147216230761 0.0010262393822670487 0.002807004977164083 1.660348916523935E-6 7.791676741332658E-4 4.465506906852282E-6
0.4759227359370497 0.1042525733762084 4.349434580700433E-4 4.132343060855656E-4 -1.1615564078783641E-7 1.151592552677265E-4 1.311473801163928E-7
0.5566613441973971 0.11328288691860573 0.0022876378055732187 0.004113212529594916 -1.1406168542783424E-5 0.001377641051322227 -5.393958915607476E-6
