1.097442853485928
0.5565084604724821
1.230161296603319
0.741537150967109
0.8972429590330736
1.475566475909176
0.4731496105373057
0.6735836345993544
0.9752013471874038
1.6636279776693572
0.5587843372008192
0.6035261609454529
0.45672817367094104
0.8722563144664935
0.43000484814063505
0.7235674552689098
0.6206751203977575
0.7844737273850412
0.7594660232442907
0.7127481615800442
0.39728549063704793
0.6526929058280058
1.1567560291639098
1.1907419746074177
0.6874650020414128
0.8470795646150714
0.7362466157425046
0.8171944464394546
0.7028858336064067
0.5800755482426067
0.8679701200676326
0.7737827977031502
0.8747115827958155
0.3703356096810767
0.4072372172613139
0.473782528411414
0.5106355227644024
0.3975316577692349
0.7234339433246134
0.4399155447525628
0.3392211405568057
0.6298453040766737
0.6257588533058979
0.5137760257851334
0.5681627655792247
0.7147013833527964
0.38873473302839373
0.4864858275038596
0.4660940526691042
0.4100578952416398
1.0270859589442307
1.0907298917580164
2.5533838297949307
0.4450221735887892
0.9069388531877067
0.47844979037617996
0.8736334672920507
0.39374290373574966
0.33831120876791265
0.402703410184284
1.4605596210359615
0.40120579942552137
0.47981902955879585
0.9084914821459499
0.5648835867842502
0.7816765450955293
0.6364787064220419
0.7278292634692406
0.6285049339537983
0.9636832116160481
0.464601681235293
0.669306363368819
1.3904990097305
1.0531226032707444
0.7492971672682923
1.7413143107037496
0.7007735014656052
0.5462835475133678
0.8495543024501412
0.9647676298519317
1.092884793545787
1.2207238458057927
0.9408108377451031
0.8030504248231451
1.2095973933240132
0.898630418662323
1.6772720679992408
0.3943949410980606
2.110971583086011
1.4051805030823497
1.473933476500032
2.4840156262450117
0.533951122035955
0.345694793104007
0.329108634183028
0.7592178751658082
0.5412315007577108
1.322015441511717
0.8585090646007413
0.37839153061317754
1.4107315767212063
0.6360983276683745
0.5870368524419917
0.6656044701018143
0.493839899224512
0.9819254044591049
1.2942435253400713
0.3682888758854492
0.8558170916869868
0.9058157775006194
0.9111281503290329
0.694822322370329
0.5995491089613154
1.0462434876071838
0.43078786044971146
0.3550016850817697
0.4719758274122388
0.576210776872894
0.6613907073979376
0.547636035196348
0.6921283748828461
0.47063266779478596
0.8906361650963959
0.9049021470048164
1.1126434597441304
1.2715371641602704
1.2174198099139568
0.8891789469759352
1.2756884922602234
0.9496417798351375
1.0747200440089617
0.8359514345603498
0.5073206362099393
0.5061498323125455
0.5278976918337054
0.6006000041357641
0.5190772973322384
0.3275248140066613
1.3670904760687819
1.0122331852085729
1.366337966535142
0.6072038996308281
0.580271429196727
0.8541422792873276
0.6429279395119587
0.8184117463253795
1.0554024491061063
1.3284292211058795
1.3698622347264682
1.150339825526152
2.4559021822340164
0.35866057797163275
1.4775208889739797
0.9130600225640958
0.5016388610617084
0.9020603104915857
1.561241269826993
0.4506332578319198
0.9039427737703881
1.237458340142421
1.296312375030669
1.22042447577382
1.1969217366673526
1.1022708223633002
0.9596324233448699
0.9975626480407948
0.6959226917725712
0.3833963435562865
1.0464261489667306
1.091656436074051
0.9637820114458205
1.0738882036805169
1.3539178147692024
0.30230407204265164
0.5290949029356905
0.42424493494698373
0.5778901558800662
0.580669316112198
1.5514670730050562
0.6752339010429587
1.0356539865513974
3.264166536647848
0.9826084005563632
0.36689941467239473
0.6038865584184789
0.474329560810576
0.4241089789798947
0.9652488393704001
1.1092553755020216
2.4101156331275644
0.7803218652789833
1.098540793261691
0.8094796246668133
0.8246291233201836
1.8371818529175021
0.4455482812290359
1.2103173190792778
0.3562695732769778
0.6546000478139845
0.7765504803689601
1.0501320971376173
0.7421132787379334
0.5115071379026209
1.149522692898823
0.9349560557109022
1.378837196735896
0.8904489524247419
0.9659061454748415
0.7143107156498572
0.6791299493981251
0.5132528999752789
0.4761142051819799
1.6281279815971335
1.4096307129307024
1.1385899661678436
3.34264156774443
0.8002691984870454
0.9382568386488684
1.3024479531479083
0.32993765340991565
5.37607989112836
1.5253598751205717
1.5462081824148883
1.195785954755202
0.5694167568414177
0.685951272400415
1.254135895069201
0.33155831239489797
2.0577039009802927
4.369539244816606
0.6748421234761905
0.4803658291752692
0.4703364227432888
0.4900624977074559
0.4493124762868706
0.30816756860330113
0.518726768745179
0.4298089409033578
2.686698012730123
2.1011516182342884
2.0298499242921637
0.9903366946671692
0.31869559875227793
0.4939982466892497
0.390242650705845
0.6323465299748865
0.4069828368812719
1.4742508126071765
0.4333069166088407
0.6562990645268889
0.6138518931563918
0.5431339379070883
0.5946587600569466
0.7683428366464328
0.6713303072550978
0.5686100931481389
0.5135456279627827
0.583613878406956
0.6160698821091539
0.6481140036170078
0.5582910323524211
1.1693916440438348
0.3824732551564952
0.6636195073054924
0.3621568028826901
0.42166508273868236
0.7216614268664996
0.5654277842372513
0.3894490697626211
0.735635910892127
1.5396448717044033
1.2808954190074904
1.6308133306971235
1.3471807884313538
1.0272813154106133
0.46101834772187006
0.4034376115048773
1.2378923254418244
0.6331504634644362
0.8947337365454126
0.7186221078517302
1.571075761597483
0.8796592740930015
1.0330515804185876
2.5087223072876377
0.8866932754905887
0.5185332181404709
0.5089578407334147
0.49562620282478215
0.7423603355698366
0.5169155373785506
0.9126569947308193
0.6788842455043559
0.4846216003688619
0.3581635075138758
0.7079655958546447
0.5393074794697787
0.508562620845713
0.6473299223061953
0.42649240649685677
0.63856173750736
0.416640025635372
0.8175667240767339
0.3673201854413077
0.922741384629655
0.863204208684726
0.45264289403831737
0.5974526301248035
0.5697054717761336
0.4446148719572044
0.31489468798389353
0.6092592347832112
0.5593155640615044
1.0309739226486168
0.9877983097082258
0.9138933466267822
0.6089451032784502
0.5381762872635286
0.6839796548404017
0.4928197576435931
0.6942052513164526
0.9138915162413034
0.6268139587311009
4.395178415418586
0.7574829354415658
0.8834529160582841
0.33042285133459914
0.30581343689676904
0.7010584967502418
1.215483876716256
0.6376743024344883
0.625509214545894
1.0725052797834895
0.49055960569466
0.35543173580217097
1.5130434459570472
0.36226309215096436
0.5920245967578464
1.3592839147427571
0.729916054229592
1.813293404443064
0.4810639201031228
0.33657229054004667
0.9195986075068208
0.7863681011723627
0.8255418788196495
0.5647956870312494
0.8262018075912461
0.3689314994885899
1.2665559675691935
0.41207894849027576
0.800162333765249
1.2486979532442992
0.38708613884661786
1.0738361510727554
1.3868423550953362
0.4133458471538297
0.32894961780880705
0.6520457153370808
0.3461751051956792
0.7568354967155969
1.071858029629143
0.9096037051594501
1.4873366980929372
0.8237802451898695
0.7828647016339362
0.8206937304134342
0.9109556989331085
0.9586881849229414
2.5400848538920897
0.6310982433122985
0.7751059224647684
0.8056806929546404
0.506991366156242
0.6256416810218454
0.9078081989620335
0.778018557196073
1.5817337619805767
0.5251114123590938
1.304607228118419
0.36056393419560945
1.4649983378814557
0.42061609020529445
0.44123666455446264
0.6005797918540545
0.7088897644221267
0.7453268669732909
0.311487177570898
0.8946258625159681
1.3670904760687819
0.8906361650963959
0.858487461014137
0.5625163629800015
0.8157003872151483
0.6383165161251348
0.9049021470048164
1.1126434597441304
0.3488885331753264
0.5426383436642386
0.5978521438626051
1.0122331852085729
0.8359514345603498
0.8544258330761784
0.8891789469759352
1.2586929487512484
1.2756884922602234
0.5792987269055496
0.48191826409851507
1.366337966535142
0.6072038996308281
0.580271429196727
0.6429279395119587
0.3324440000609997
1.0747200440089617
0.8359514345603498
0.8184117463253795
0.5073206362099393
0.5061498323125455
0.6006000041357641
0.6126567699212239
0.85980767883183
0.5757993433105013
0.920093769403173
1.667441031754
0.4111106683984474
1.0414028729792284
0.9207275891422979
1.1969704598948536
1.0605616217017966
0.6897766943938615
0.5518329915223897
0.8256903200439394
0.4876658465290335
0.7936409605238378
0.49169526272071945
1.490300937594576
0.6388767164335396
0.43820643646561397
0.5219726135467053
0.5095681477830388
1.6959482380445616
0.34424024565534833
0.6188791913417021
1.5438058721026826
0.6582072436468824
0.30395068339458775
0.5209116000711256
0.6126917541638869
0.5737548821741443
0.5687093907706618
0.3545452101457666
0.4059780073749462
0.4324569918432752
0.4149313589316445
0.6644141763168191
0.3415595620589246
0.8074927622287501
0.40969424893104933
0.4995461902754869
0.541343575150349
0.8205605633714176
0.6553577965832614
0.5565228299303133
0.4611750106560601
0.6644422526699391
0.5101921988137599
0.7135597157319387
1.190019773449838
0.6626195347867847
1.0559448310314103
1.5464852451813058
4.02448628647856
0.7266836272836495
1.418323219511681
0.4548975505166785
0.794615017535078
0.6732534358003199
0.8016924080387443
0.5531681779656749
1.1622836210359844
0.6355660056891832
1.0705431569910604
0.8581667383850318
1.1563495636305465
0.6123942303512975
1.0684551932810593
0.5624210994517164
1.0778827325162543
0.4977250242895426
0.6345868655557239
0.5258780348973027
0.4392519436158121
0.682178326382316
0.681326335281205
1.0039571721045422
0.46729339656414015
1.0208802070303178
1.077356979457817
0.6477565073753481
0.43159180168142136
1.0986397192267816
0.670929333247194
0.46177395267168353
0.3724346493656078
0.3392556508523673
0.32213445553282105
0.39003110596165835
0.35818076256835113
0.39340295989037605
0.2995467788360058
0.49799523072259727
0.4068707221692619
0.721362305681768
0.6318756871690879
0.521756934259918
0.6612706658751156
0.5380946307998724
0.6388395581874462
0.34499581196141527
0.4088036912231217
0.8738368756507471
0.9507593400383615
0.6063150499576623
1.1761698439833244
0.6285754994137009
1.099883848243683
0.8273605032885482
1.0559208209998547
0.9327192294014383
0.6031487043232293
0.5369563030148214
0.33670386459934415
0.7209664372608315
0.469353834906052
0.45110251397473133
0.7619485051651123
0.5532977441344971
0.5289506502785543
0.31673424566644953
1.5890508067910005
0.4124091397555967
1.1593316228677468
0.6416697906212881
0.4945306745199934
0.6596933273901247
0.6438998930390183
0.960376896661879
0.48274394222610467
0.9279069763939758
1.2285056257889915
0.4673234625765683
0.44593652027123104
0.6660774074620693
0.5811386613244207
0.6777059223750348
