0.9026229339887308 0.07153168874058762 0.06274597255847536 0.02248102258410822 -2.947122148615918E-4 -0.001876510603729661 -7.912355007697266E-4
0.4601259493086174 0.042518162400712975 0.030601278913931936 0.0042003152502979296 4.756132746684092E-5 8.515324331620079E-4 2.370283237193037E-6
0.4734987642212394 0.020646183196101103 0.011729925731721942 1.3815839258998357E-4 3.4125537040421404E-8 1.2646263786224472E-5 1.7253639159697852E-7
0.33125914999636774 0.0015899035001014183 0.004429339770316966 3.158898501769848E-5 2.3289116924344933E-9 -5.239637064211179E-7 -1.1584284561679883E-8
0.45840227095859376 0.011002637337382722 0.0153955189580516 8.210201228411347E-4 2.3320971271839183E-6 -2.2642535352422207E-6 -1.755459964715029E-6
0.4194446478898526 0.011994334005119017 0.005845385526655524 1.0196587103085766E-4 7.747809213413617E-8 -1.2688369039807322E-7 -1.3931636896726125E-8
1.1578400874609083 0.17522153430408688 0.1456076035465038 0.028840753766166516 0.0016956244036533982 0.012021652076780322 7.860664206458142E-4
0.26541887031314476 0.005694474222953865 7.833003860337202E-4 2.786822087073679E-4 1.2415846125637906E-7 2.1028575235366728E-5 3.921795177928639E-8
0.5362070569919961 0.02833595747118285 0.02789897151642362 9.728222066024048E-4 -6.127472372728638E-7 -9.620331336526974E-5 -5.030912053521131E-6
0.3700615519569544 0.009681773603995827 0.0014547570947779905 5.279760928059656E-4 -4.6204546331316295E-7 -4.998749371782202E-5 2.4943306465003074E-8
0.4029547724335054 0.04217925110593794 0.017747833361772773 0.0025319390112737653 1.6905295840765946E-5 5.108285709679814E-4 1.5118320128545607E-6
0.566188666653921 0.10627084231160276 0.054771767976420936 0.012138097113071103 3.0867237945478033E-4 0.0037937822337016577 5.1694260232628276E-5
0.3978417559155101 0.003057884823511511 0.0024229223313334343 7.503389998120546E-4 8.162439057670232E-7 1.477419728615616E-6 5.977482192875055E-7
0.5214292627644566 0.003762083697225309 0.01697855092785353 0.0053885106993968954 1.9659990895087187E-5 -8.812910647731633E-5 -4.76441676749039E-5
0.46493744065793885 0.06253425621843277 0.008650942255006618 0.008467325563904279 7.149600420565927E-5 0.0017514477205610665 -1.1834227640059593E-5
0.6109981899490837 0.043768018348559305 0.02887706567763151 0.007354609527211492 1.0475145081451643E-4 0.0011977219208749135 -2.2689264859982463E-5
0.6907764811851598 0.0378715771027745 0.03598332605085637 0.007665517003699849 -7.024758754622023E-5 -7.86098211457181E-4 1.0617502412807407E-4
0.5882538857933466 0.07137102234423683 0.002347969587945269 5.090914197315809E-6 -2.8384648868026847E-10 1.2359220956617535E-6 4.787797195052403E-10
0.453593713374998 0.024955227956650238 5.380730981515265E-4 1.9919023568150965E-4 1.2187935828590789E-8 -4.842340358594768E-6 -6.40621957700619E-8
0.3991409731223178 0.002894263548184634 0.006075365871573833 5.26857603253526E-4 -9.406926217509097E-7 -1.245978132671162E-5 5.988883561272738E-8
0.3760583355998165 0.009955037855046811 0.0015552684285668396 4.9044052895586735E-5 -3.748025570905467E-9 6.283126608783721E-7 -1.3016221816974388E-8
0.5375173417799509 0.03602248417549267 0.003354034195673706 0.00295116123229106 -6.008653292600297E-6 3.272651504932501E-4 7.078406113023102E-6
0.9016658981127407 0.00846959232268089 0.42119298439182395 0.022372124884120315 -0.0012978635356163152 -6.489663696338723E-4 0.0017412253064584206
0.986663080980344 0.0804130328679796 0.4674187186750191 0.021367172126151884 7.785510112334466E-5 0.00512743592783616 -0.0021339526301402782
0.30095017548706915 0.015256262418525422 0.01181521122738333 2.997582655955747E-4 -1.41877124141436E-7 -2.6269425293378906E-5 -5.45995464614637E-7
0.6037233502138779 0.04188099020964464 0.0025345291903719146 0.008671193192291466 -2.5198623687816018E-5 0.0017662824228234348 -3.189828377696329E-5
0.7929714147847738 0.008919589917676213 0.21634689956878647 0.015261534618901944 -2.449445826423085E-4 6.204281527085061E-4 -8.420425847933369E-4
0.5146731655528202 0.006226356431122757 0.01215061190475022 5.446218871086269E-4 -1.0890433654201247E-6 1.706999000133352E-5 8.813727176099705E-7
0.3561832222471285 0.005061170816362185 0.0016376328842272723 0.0011400028421548027 1.206646162765239E-6 8.108931308334195E-5 -9.850118569629199E-7
0.44235862321671526 0.0021614315310943214 3.758929598966825E-4 0.0012119545390692947 7.223938489654812E-7 -4.52340641301373E-6 3.837924726938124E-7
0.6827848405455611 0.1288090718958558 0.025014679240522045 0.001987299340137573 -1.4010954193714386E-5 -7.094781062650058E-4 -1.4939975993724987E-7
0.5073993632525946 0.051308460368034395 0.008147689226094467 7.923352026679158E-4 -1.7803272140011149E-6 -1.899389221060955E-5 -9.398363104948998E-7
0.5322298745098044 0.0025555986494012442 0.0030200600497727113 0.008504519464013906 4.297944339512611E-5 4.2815884793953417E-4 3.2282857633427106E-6
0.45596588705877833 0.0027143465089778528 0.0025540346887611212 9.506128407230926E-4 1.4105674810450422E-6 -4.9363283589619495E-5 -4.520015825899524E-7
0.5049448881635901 0.009628302864122248 8.610144475736804E-5 0.0026226264222060655 1.0104590732486097E-6 2.5441083930474815E-4 7.294827729202942E-7
0.4732373908636701 0.015358487634760307 0.0014347507176478034 0.00198019282765513 2.48320270481244E-6 -2.3376447610052488E-4 -2.2302591745026975E-6
0.5163523128078406 0.002891702195734274 6.842879106734432E-4 5.629283328679782E-4 2.88422090378647E-7 -1.0633751578608012E-5 -1.9717929699103417E-7
0.45645776868916466 0.0685827209828248 0.0023896729250971866 6.540784115598736E-4 5.602715180985608E-7 1.6928442350537748E-4 5.956429870630109E-7
0.6352879373540379 0.02319316381427723 0.014433513483763417 0.010749568349650913 -4.779830221004794E-5 -0.0012000745336417952 1.250754618038988E-4
0.2840842647989344 0.006544940034099259 2.46769336946607E-5 1.7042468190623197E-5 -1.8914561013903464E-10 1.275494751931871E-6 -2.938921364373112E-10
0.27858906196820454 0.018851267168959216 0.0015449889649645783 1.603821193174227E-4 -2.3159655229941254E-8 -8.844231823820283E-6 7.640257826992746E-8
0.25934709483661755 0.009170394757897144 1.7292436027189812E-4 4.379324107938692E-5 1.96315388607427E-9 2.8573373546711164E-6 -3.2664556584687874E-9
0.33609144080236464 0.010513220379349764 6.610414668047715E-4 4.91565256705452E-5 8.253380925395266E-9 7.22932703989249E-7 3.2249415879460916E-9
0.5754567191909703 0.028255752347854365 0.059252803244361246 0.0019240063644343042 9.342193988425773E-6 -1.7340645019297808E-4 1.8295871758946023E-5
0.3031313488326518 0.015330844999291316 1.2391445318992385E-4 2.136712368481578E-4 -2.492917831535932E-8 -6.105730439385164E-6 2.4235345026919236E-8
0.5481771254877763 0.013027859318540455 0.01771562613906633 3.0728349793276803E-4 -3.398428972011533E-7 2.8323575242034057E-5 6.312843608260361E-7
0.5740050430672816 0.01057917120728102 0.0245293305061024 0.003921807112912545 -3.846557175264135E-5 1.746634598814723E-5 6.385446066556875E-10
0.7791945350617231 0.17706029217497007 0.009493691043372122 0.017035245641124408 1.7852802973116985E-6 4.775482488962048E-5 2.1663339237794677E-4
0.4685226860093986 0.053190372869031215 0.004780748462145806 0.0015908708030906362 4.098408453630059E-6 2.3192480549485205E-4 -1.565794931609058E-6
0.6342459427828274 0.06958540872388061 0.020377319595731747 0.03751357059119719 6.965470576507505E-4 0.008394233958102345 7.684884204041623E-4
0.44602772851782524 0.04934490296996052 0.008851946198317962 0.007452232765000099 5.6572809303779496E-5 0.0016490197580791477 2.1518189108235323E-5
0.4856723581657366 0.014380772731267765 0.0012006764099882635 6.67950174567389E-4 4.6153894178529257E-7 -3.572076095284252E-5 -3.8052136243090163E-7
0.4798860765782309 0.016023474878978445 0.001649941731780776 0.0037331550177326263 -2.2696308442625636E-6 1.830392002186176E-4 8.982769821378796E-6
0.3867364912792838 0.00888512944351893 1.8568100343850833E-4 2.3781561155248817E-4 3.398596454229884E-8 5.453015241817018E-6 3.663818769724381E-8
0.4314446129261842 0.007166431351740596 3.8104832883640606E-4 2.2979500357211288E-4 4.480854489446403E-8 -9.251070509375384E-6 -5.1147079557754464E-8
0.34084887906223016 0.0410966154406715 6.91138958239344E-4 9.893175431038292E-4 7.204356505903733E-7 1.0797916148486215E-4 -3.8755388066361854E-7
0.5197458844026702 0.08564088259515122 0.016140429759717936 0.0013094708983040157 -5.354293395714012E-6 -3.2307600433296904E-4 -2.7518627784850464E-6
0.49907807184953124 0.014406436209487072 0.0011519394947826676 0.0013724363181634022 -1.3812299298824328E-6 1.6275742655603542E-4 1.0344455446504021E-6
0.7066236709774201 0.04994341207499013 0.14903529211909572 0.019282976440644355 -0.0010007603064949712 -0.003914113605801085 -2.5897755388591833E-4
0.5307022502785523 0.04892868145476759 0.011516646909092695 1.0844661225263008E-4 1.1538120214694433E-7 2.3089539249815427E-5 3.708857371439853E-8
0.40748560913070664 0.024000521551422474 3.5192027730884725E-4 0.0012841932363816004 7.213511553186345E-7 1.8945600102602693E-4 4.7429937598174953E-7
0.4127310985896382 0.03563519803007788 0.005541707056400882 3.509775475652862E-5 1.2366304388745694E-8 5.395399457455128E-6 -9.309759537272396E-9
0.4896027843391353 0.013587768153659436 0.03231769454891928 0.0027130227108259465 8.875720589893355E-6 -1.883252561248304E-4 -2.3802931060410268E-5
0.6488899769400795 0.017908799018937892 0.053099211405766504 8.527878055018903E-4 -3.943890287589588E-6 -1.1245247181083439E-4 4.168595891394839E-6
0.6858891321192484 0.02483930299997326 0.04518000425055311 6.215099390210835E-4 1.4819665714665482E-6 8.446312695498837E-5 -2.94113874068687E-6
0.2894802097559269 0.006093492994577823 9.289210175843798E-4 7.052124809965505E-5 1.496846492460173E-8 -3.0820372239473326E-7 1.0086417351387433E-8
0.4044327729554539 0.02731095696532909 0.011573568301034938 0.006442050314386923 4.783803298750359E-5 6.509216450368846E-4 -2.8384153147582294E-5
0.46342274750931334 0.007369394314416678 0.024883728958042455 0.001298257086566722 2.4385350384302752E-6 -6.742907913547838E-5 6.964445937614058E-6
0.4884920140886607 0.006388110464310309 0.03485011413208065 0.0032226639320468552 9.912739239702744E-6 -1.3305938776487857E-4 3.2682446339503256E-5
0.5610297986313681 0.05464011505685009 0.04340210755902533 0.005299698750883312 4.7520313372407165E-5 4.8047258451967004E-5 -6.482510030349936E-5
0.46159499824458733 0.015320289822183357 0.023004375634551388 4.5988621468614154E-4 -3.831779966359262E-7 -3.970028260883233E-5 1.4459140062574205E-6
0.2897545964360524 0.022367846439758622 1.6648589840106469E-4 4.393040941259924E-4 1.1507407476015603E-7 6.350403022653351E-5 -2.9541628817997327E-8
0.42094146148950184 0.011447827576522693 0.0026757712582038424 0.0016204518420089382 3.3714179878459222E-6 1.7286108044824904E-4 -1.3848730878528948E-7
0.3564977439450551 0.02992217834788283 0.0022491733405596084 4.1425250494481636E-4 2.1545348630752948E-7 7.114320520050063E-5 -3.368511700694437E-7
0.4573122388517729 0.0024219778550721143 0.01507159378909513 0.0019154772960937871 -1.0291861754091389E-5 2.2139655945793144E-5 -2.378126043417245E-8
0.7087424557507604 0.10668296050854216 0.03824109366600864 0.0031088479905962076 2.8051586039548106E-5 0.0010148224396455217 1.902975665399253E-5
0.7987004389420786 0.09630208293371477 0.014108956758420745 0.01578841693259049 7.199876083121031E-5 0.0037236820693720423 2.24374694081324E-4
0.32973733479532114 0.002730436410961836 0.003797619968145425 3.7267607806129696E-4 -1.3516427271133135E-7 2.824096743524003E-6 4.222505848720393E-7
0.3153026435234935 0.01371788244670218 0.006382847262116888 4.8767650746653823E-4 3.480272744236709E-7 -3.642721847642657E-5 -7.868804103081148E-7
0.37139217943307445 0.010725021557110075 0.007050358717373146 3.2329897652513665E-4 1.5258400344011366E-7 1.7971227154617017E-5 4.636413980387283E-7
0.867919653675382 0.06587621536021339 0.08871149627748645 0.021378419141058057 -1.0047413049923715E-4 -0.002152346303032091 -9.255703801038847E-4
0.5566665847279926 0.006146812260866686 0.04278333771535345 0.003300069522412677 3.3141465257849066E-5 1.5476733123698423E-4 -2.095817892286346E-5
0.9098870042192021 0.11921358571361608 0.005183560628874655 0.009988168056148106 6.373717861943224E-5 0.003338103430092238 3.32077547056383E-5
1.282032976017236 0.033610857170162094 0.5382695020082002 0.006806104735191677 3.9271265664986846E-4 0.001059681601815055 -1.2442735884254631E-4
0.6230308943550571 0.0030961616539667046 0.00880278799272821 0.008255836636231445 1.0390334215776567E-5 4.1439962233760796E-4 6.960921104683758E-5
0.49871731368100325 0.05311730177047453 0.014988677025223595 0.004031706428405058 2.268342662345593E-5 8.517002353710299E-4 2.1627070464579448E-5
0.47099438171384883 0.032977693132636154 0.021068200113755542 0.0038508609070019473 2.0445874984013878E-5 6.540480167781626E-4 -2.8018993427809967E-5
1.2633884031010305 0.7502699912960223 0.37216805846266965 0.028521292977478133 -0.0026071548030842974 -0.02342763196332104 -0.001355519589008135
0.4235217388045446 0.0018383759357205047 0.0018974819251588904 1.1479142197059984E-5 1.0843045661783602E-9 -3.8018861537920376E-7 -1.3017075699551918E-9
0.4531711689307577 0.019014822250596485 0.02194584569162438 3.5122960391403667E-4 -1.1521833913638644E-7 -2.471736750854141E-5 -9.682998632112478E-7
0.5102688995072926 0.053080142112140793 0.02199313000718603 4.638652800362679E-5 3.839784722305692E-8 9.334582432459815E-6 2.68467399844449E-8
0.49982569577114566 0.052740046240935055 0.020570735304449007 0.0015484236806509195 8.733841455343149E-6 3.400753155288599E-4 -2.989769587129604E-7
0.5830170633121243 0.050735618984472056 0.005612121013573404 0.00616688393274023 2.5679880963350456E-5 0.001152346281869161 2.5627157135016455E-5
0.5254495252796749 0.05908350255039996 0.003813765329458812 0.004770821379825098 1.7728521452441655E-5 5.481923538419451E-4 9.99131736416216E-6
0.8538307606094274 0.05282350436884692 0.04980669413860324 0.04926243425892666 6.668343455839577E-4 -0.006213837824891223 0.002347273983645791
0.3675661924235619 0.03817674282964925 0.0016565213983326533 3.224672336709708E-4 1.9097994976482798E-7 -2.503972593409427E-5 -1.3810427705798433E-7
0.37217290042867357 0.0011459618606159399 0.001992677308801189 2.5728700623733376E-4 -3.725533523610486E-8 -7.898671149679795E-6 1.80417225637774E-7
0.38056368320748524 0.004933223931647352 0.004606956910382183 2.629281394273996E-4 -1.1385615272333507E-8 1.7378039492107144E-5 2.8915203964539353E-7
0.2519656496019071 0.013099590210277456 5.598505508481611E-4 4.2906980882533304E-5 4.46384459612286E-9 4.021814996359046E-6 -4.929288344027296E-9
0.3106005184719003 0.01627640306187621 1.1447262870443116E-4 3.1026514727532292E-6 -4.9328332781223097E-11 -1.4213988679631466E-7 3.139630018601855E-11
0.515437682094879 0.01523064541123483 0.004526147049509514 0.0017899697836702938 -4.983624358011999E-6 -6.21919231898834E-5 -1.0588490737216358E-6
0.6610938916537794 0.045304435905139724 4.127996091650588E-4 0.003378323690022306 2.6565827741606056E-6 -2.913335240752095E-5 2.976390817994799E-6
0.5700960262015583 0.025568370310720515 0.026934115692367182 8.522534943810207E-4 2.0626717576258986E-6 -1.0883145228818708E-4 3.523947563160781E-6
0.47637849678507405 0.06880331888326865 0.0037125121407578215 3.387609002472255E-4 3.791604561493805E-7 6.580464149675186E-5 2.3756951218375523E-8
0.69872851926404 0.03495202541823089 0.10149909156429478 0.001561672662188477 -1.5628124841567968E-5 -1.6721875122782708E-4 1.1930435967939907E-5
0.3128104768348492 0.005030585643544179 7.097506539094555E-4 3.0951162584743095E-5 2.6799177293474153E-11 1.7016076766052256E-6 4.587340103100795E-9
0.24636101835204466 0.004802007001932259 2.2775168989940848E-4 2.8469202218186194E-5 2.021034720651767E-9 1.9656338981529896E-6 1.0819415389370021E-9
0.8287160530067066 0.021435845639520935 0.015283849543196198 0.005714197155824609 -4.239316440863346E-5 -8.227416166937548E-4 3.247281976738865E-5
0.8078717691060209 0.10771186409938568 0.029131477304187563 0.015145613592578391 -2.624937777414661E-4 -0.0037301797737618846 -1.797413339822849E-4
0.41449859660190946 0.00723187330156538 0.001748361471313337 4.106457127913964E-4 2.879379979896738E-7 1.3046395328585717E-5 1.9534777066784085E-7
0.25427015596322455 0.002336350451928383 2.8206402409004637E-4 1.3219278995701685E-6 -1.7674590245983347E-11 -1.3218131078862379E-8 -1.8417213347140412E-11
0.36499330085417797 0.03120414393609419 0.011078792689801734 0.0016103494543119798 6.798415908577304E-6 2.4687193858832876E-4 -2.1579828015953126E-7
0.42640527322319366 0.04568636729819983 0.011970930187496521 0.0019669323460475984 8.769400794589745E-6 4.191821874427114E-4 3.7673532525396082E-6
0.3493517043901141 5.669873205736215E-4 0.0035931572315686415 2.681240709806203E-4 2.2347142778956797E-7 5.06043873074422E-6 1.3899893584567342E-7
0.8044146295155881 0.1607405653953188 0.00904445831136625 0.01230667308438141 -5.9562266595564035E-5 0.0031737567941069475 1.1537017956732969E-4
0.5956253384958528 0.09638785613043878 9.749083970673189E-4 0.0011119764145420114 -1.0866201649498803E-8 1.7930361188718606E-4 1.157726943987622E-6
0.4108589199017788 0.05249255937505186 0.007056258088401887 0.0047659533976169505 2.6288030895608052E-5 0.0010912223712786614 8.533295427638104E-6
0.41057325838851655 0.05001224044385752 0.0018311905048091087 0.0010110244112888245 1.3232916696502344E-6 2.260148325864782E-4 3.7592975804106164E-7
0.38368708131222573 0.06929075269744399 4.904223092836774E-4 3.332567000064138E-4 1.3328843866838128E-7 7.654226290342018E-5 -1.9633050337498164E-8
0.3405288847363699 0.005223819559257 5.783897762415716E-4 2.9572204762183115E-5 1.6871536843712959E-9 1.826714444752642E-6 -3.480150887443063E-9
0.5095873155333879 0.008112321589068872 0.020934209963376225 0.0021655329187390687 7.594238379590143E-6 4.0017871602418034E-5 -1.244674716911037E-5
0.2792018154513985 0.011757886081643075 0.0015536357291572424 1.3808247189692012E-4 -6.355962807541196E-8 -1.4238546839734466E-5 7.110907764330551E-9
0.44116605137483206 0.03804091942760244 0.0241887176405525 0.003219792441634066 2.043841552509927E-5 6.063687283857823E-4 1.9740454426962098E-5
0.49033135372500236 0.024856578464307357 0.033945373718270916 0.0017066817976721825 9.973234970880038E-6 2.6817414481978126E-4 8.323607416472817E-6
0.4185481890160808 0.0729978737832788 0.01770529763787794 0.002144890117100517 5.706219828796369E-6 6.242685225690489E-5 1.192263820349039E-5
0.5030098431770569 0.1009534105553154 0.03351768761570118 0.003514853414510063 1.6773268943748792E-5 1.5846082746838707E-4 3.426517365627036E-5
0.4693798497481257 0.054885725620521485 0.03511804015292708 0.0029753280868562316 2.8761953641016576E-5 6.961237364625728E-4 9.886120487877686E-6
0.4856840391767171 0.03198280610850539 0.04802947240748159 0.0027121893499119196 2.7370654751290995E-6 2.910286623804811E-4 3.083397829001153E-5
0.6669697701146984 0.10345649784552316 0.07038909508284974 0.006023808152602701 1.1452807765812356E-4 0.0019222594442731456 4.763478975867918E-5
0.8344467707954417 0.15730682799652454 0.22710442073627507 0.03212003782376146 0.0020815071405316694 0.012223815042747638 0.0017869377114132278
0.5968223278233511 0.016135758553292228 0.0011658647783132497 0.002060246409444085 1.6173927016149659E-6 1.6289208019524767E-4 -2.7530844455886915E-6
0.2749124296477532 0.0037520763033414236 7.679626101610446E-5 7.133615767112292E-6 1.2193969790385934E-10 3.9911814174738997E-7 -1.1405787179980808E-10
0.6540449263592072 0.03426788092990732 0.013170588928716408 1.850109170899586E-4 2.49593727478247E-7 -1.57740383746526E-5 -1.4528924693337307E-7
0.366843336776605 0.009039668941933858 0.01067335098982158 0.0017409873117381412 -4.582110782490297E-6 4.0754530982039075E-5 -5.9436939805728815E-6
0.40755554226732926 0.025911317818658075 0.014053847333233187 5.6404303193717376E-5 -1.0133970005769532E-8 -5.2995763530877815E-6 4.918563178070578E-8
0.28383397750726785 0.0027072029252646003 0.0029481661547818543 2.060849505577743E-5 4.9212487651789964E-11 1.0416123469063532E-6 -5.0795473640391876E-9
0.48261872807636685 0.011862559822525601 0.01519115487564112 0.0010082397235639828 -9.740764032086528E-8 -6.659299473920532E-5 3.94465232905506E-6
0.27956105834873984 0.0049968197458954665 7.574332922886967E-5 6.878311565208189E-6 7.746905819433104E-11 1.1591553921478208E-7 -1.3655406444480203E-10
0.37795999567686367 0.011855951856917107 1.1418913416082568E-4 4.5414558550791357E-4 8.817929341515568E-8 4.389586184194279E-5 5.403825812852294E-8
0.3860709004732205 0.06310209691553167 0.008342050526172325 0.0020341333943340876 8.13925768348003E-6 4.5445902235670735E-4 -1.991091582966669E-6
0.4016240376344146 0.01771652820267953 6.242534168360683E-4 3.208036309000786E-4 -2.828746081682183E-8 -4.10427732979164E-5 1.407474891353279E-7
0.33453348910230696 0.010898106139536436 2.8448615555412516E-4 1.407251065065999E-6 2.403446746290182E-11 1.2053957847173483E-7 -1.466856304598737E-11
0.7040501233774785 0.1300274464105196 0.010139552620154584 8.54144421300124E-5 -5.425872554738866E-8 -3.3687851475262513E-6 5.809020761058498E-8
0.7074355881641299 0.1321435012699174 0.01071025648986268 1.1083082799293934E-4 -8.621600885786243E-8 -6.2174872138300926E-6 8.454352885734617E-8
0.26361960273224944 0.0031521143193566697 0.0019642134231086994 9.045714389125062E-5 -2.7090372170229296E-8 -2.46680703264314E-6 -2.6831958435526307E-8
0.8304011701067869 0.12021201867761437 0.011600513903564522 7.590333188733829E-4 -1.2721555539219211E-6 -1.9642646664370255E-4 -1.8586448095385797E-6
0.4329461279984554 0.03500449950152528 0.0033890403479317458 0.0035215256219129298 -1.2108779116372018E-5 4.976478761423588E-4 -1.174756159208329E-6
0.37831264991511226 0.026066512087569594 0.0010663268761048545 7.539198264894568E-4 5.475727388271747E-7 5.0520511547342515E-5 3.9637244504041334E-7
0.5291730979103817 0.014516505793109851 0.02310106464009944 5.277339773293556E-4 6.150724374151464E-7 6.1025340139091364E-5 1.7369450672172472E-6
0.36855230940495953 0.004852869058654106 0.004675698355475341 1.4193295014999614E-4 9.233514871711077E-8 3.031182568265795E-6 -6.959264128299796E-8
0.5214825561348508 0.014261579284226753 0.022739227143833363 4.577004165209801E-4 6.427369597831487E-7 5.3482986707389135E-5 1.3293630464601199E-6
0.6627804937443329 0.12198786013070506 0.024378464555868146 4.8755101566301344E-4 6.327308490232056E-7 8.743117853686201E-5 1.5572297600858085E-6
0.7351740262823074 0.024328739962810726 0.08091953529626592 0.0020738081162650635 -1.641541225977997E-5 -2.1191921213500845E-4 -2.126589293885653E-5
0.775439745054348 0.21130720826993554 0.049648688218917394 0.020825699644778414 6.285713844036543E-4 0.009527097992423583 -2.309552417780903E-4
0.2890869191325133 0.003146135652642013 0.0013965513940834365 1.079244364036701E-5 1.3868088326584887E-10 3.356855600988884E-7 1.3176987872779015E-9
0.42569003454509524 0.028714043891846067 0.010027527841176448 0.0020106749594169773 8.950332714262429E-6 2.836422221847627E-4 -1.1845491850051718E-6
0.37810278815428544 0.024078313965305274 0.003295323693326286 2.381907217415493E-4 1.3056706086979266E-7 -1.5360477984660294E-5 -1.6578384662716966E-7
0.5067825476822171 0.04997945168650298 5.339080141887857E-4 1.0397466362261972E-4 2.118318872448042E-8 -2.0830215413371943E-5 -1.230477928259541E-8
0.37458430983037694 0.01739372920676075 0.005052305437217236 2.6167949730672587E-4 3.9803176568127556E-8 1.4817082825373434E-5 -2.982398244641404E-7
0.4361712386920461 0.046717678542088366 0.013463357373473116 0.00167039461235443 7.701454944759636E-6 3.4287725503431317E-4 1.853952999525752E-6
0.4819410326454078 0.0425166912790183 0.023047019239460904 0.0027074868359660905 -1.1542505466936531E-6 4.998056075211058E-4 2.1356177353621887E-5
0.41451293653286003 0.012488289349478028 0.0014699593390129113 3.4483195289984755E-4 2.3443677381216787E-7 3.1734594366601744E-5 7.289098421160234E-8
0.31532786614297437 0.00692616134284713 3.041857932665816E-4 8.888821202351229E-5 1.7303374701681494E-9 6.937031660426765E-6 -1.4513457779830484E-8
0.4777666003034493 0.01706792670635709 7.843541892291513E-5 1.532772154582793E-6 -1.654081397143995E-11 -1.8890154257770245E-7 -2.975519355910673E-12
0.6063201199654396 0.020840587246555416 0.006732737997154866 6.486823476604897E-4 1.1625732971800274E-6 2.93682817345666E-5 -6.972659252647209E-7
0.8128662163625561 0.183874810431212 0.01358946842711149 0.0036832195519556476 -7.091919830147923E-6 -0.0015025329932324936 -2.5074467757614798E-5
0.49579939091321085 0.009742239345124842 0.0032811980844859446 2.8973344058291095E-4 8.871788992902237E-8 1.3796596771036238E-5 -2.682047886214912E-7
0.36057832115967414 0.024216380854192962 0.0015140529692509966 1.6073987786730987E-4 -5.094548055582524E-8 -1.5203084405574803E-5 -6.076635481502469E-8
0.3274268331225059 0.01198387594976983 0.0017785373366056 0.001398591707789209 -1.426547348775371E-6 1.530355492215571E-4 -1.6824257147394662E-6
0.3360220930584297 0.021800252484268104 0.0012855091101334768 2.4634850231827168E-5 -7.310996620097223E-10 1.4993453738760503E-6 4.322526395983832E-9
0.563903716378263 0.07458819822197907 0.0024522952942374644 0.0028094838866680196 -7.374383527327568E-6 7.516869435917656E-4 1.0965524563188886E-8
0.6698670592416383 0.1011579095339652 2.366537171255761E-5 0.0012544317064351893 1.3625141301054838E-7 -3.9783375468418927E-4 1.6778063692470787E-7
0.37295905565602916 0.022958586541202385 0.00342832753596051 2.8310407643895004E-5 4.793205613803391E-9 3.881476025312735E-6 7.403689984884299E-9
0.452602274709235 0.07256721661578831 0.010005520134643573 3.1320887555010446E-4 -1.9845252768809734E-7 -4.5322449928595084E-5 5.177291608940197E-7
0.3068692816777944 0.023664141103974707 2.4198047359898485E-5 3.429967318839205E-4 1.7359956994957945E-8 1.4432766779793031E-5 2.598234929646403E-8
0.4929852303969091 0.02135935947762972 0.013167727539531975 5.227629822138606E-4 1.020322217916152E-6 -4.697953250950701E-5 9.16570094369889E-7
0.5007598260762482 0.01632476738363584 0.014503784318323141 8.962354662412005E-5 -1.0143531260530647E-7 7.635882140846131E-6 1.2329328981106063E-8
0.6181958025499505 0.04515505267520843 0.08748342115900351 0.003436952242585561 1.1502876757440076E-5 -1.880175609394249E-4 5.8476195237608294E-5
0.6370389456253196 0.022713674843817894 0.08895151854968471 0.007412699159532283 -1.6145728133216573E-4 -0.0011171180085514654 -1.0081035340442257E-4
0.3731609222387725 0.00319690741957607 0.014103370815830268 8.741076823739638E-5 -3.552445614167847E-8 2.834700942995896E-6 -9.031773719828815E-8
0.41697269231494205 0.005373203067449133 0.017940405223385646 8.776563748735388E-5 1.1010095057961381E-7 5.931475902172879E-6 2.4988237817431195E-9
0.7756536217995104 0.0272162463853142 0.06549741098072251 3.8890118517326895E-4 -3.065853524411879E-7 -1.8263600835140424E-5 1.9386848859142097E-6
0.3423663356115667 0.013384139016394627 0.007596455236837392 0.0013187429680517665 3.067974844789756E-6 1.4884501227831504E-4 -2.830064904509896E-6
0.45868575208848306 0.02148815032131291 0.0017052279083481117 9.056311026554393E-4 7.799200294714806E-7 4.487911951462166E-5 -8.11366632429757E-7
0.601269436396028 0.025391233270121452 0.016856416974800583 0.01963263081869506 -3.006621282835824E-4 0.0030165803430179158 -1.927647467363903E-4
0.31456463494009484 0.03359896294791816 7.065348871555302E-4 9.87552057316734E-5 2.2209029753698933E-8 1.5418746321052102E-5 1.368342939050627E-8
0.3290063130654627 0.029486127379487262 0.006021396644910259 0.0014609571811723752 4.171559696178593E-6 2.466385662825243E-4 -1.1723378354129535E-6
0.32710771987628184 0.008690066747726653 8.898755886552887E-4 1.691936098420667E-4 6.562958792346875E-8 5.559411737136697E-6 -1.6720699275429711E-9
0.45098727645465964 0.04984121036510876 0.008236839965262146 0.00616420489968099 3.934847276337167E-5 0.0013148696186060104 -1.9518258927295385E-5
0.32667554924594255 0.026156889762787405 0.005393630666201028 4.3578437805302735E-4 -4.218098136517036E-7 -5.4352870837688274E-5 -5.181193808133658E-7
0.3990890255147216 0.04908518713410039 0.008272862150440086 0.0011299538855912964 8.378436625345851E-7 -4.505763592483495E-5 -3.3516331288079417E-6
0.3077011366437891 0.012867993492596682 0.005793850873071643 4.5167812263638353E-4 6.003550615301105E-7 2.172211317601389E-5 -4.164938309971294E-7
0.3344460497520682 0.008624046744208901 0.006846653304182785 3.743619183744748E-4 4.015677288218442E-7 1.3736890847344559E-5 -4.4492406204017393E-7
0.2678650652684052 0.0029569817050394097 0.004217164070697202 1.2071041196969289E-4 5.836988381000674E-8 -9.61989352785357E-7 -6.332778065156023E-8
0.4880646203473537 4.90334905454121E-4 0.021056038832145813 0.0016508999521054222 3.829317602085434E-6 -3.7622473261948727E-6 -8.948605422775523E-6
0.4827757931900785 0.016363013266258893 0.024607141175926734 0.0010330988381359093 5.200278648831815E-6 -3.4944393119962584E-5 -2.9901937574170027E-7
0.3916170688762145 0.026078171458901293 0.002749179196939378 8.872412341096816E-5 -4.072826588357117E-8 -1.4183719996475664E-5 1.6165630325318695E-8
0.5483126959802237 0.03494749724112735 0.01569810779396915 0.0012655673160477325 -3.087735033639592E-6 2.3199142408544685E-4 -4.720815987065886E-6
0.9279202608424959 0.04521286760106412 0.009788704595905213 0.0025636963097862247 5.79651668235993E-6 4.268808914498089E-4 1.1460366576362214E-5
0.4221215037249043 0.03587320280238297 0.005066697180325647 1.311600372570463E-4 9.003600709432125E-9 -1.1789665307729386E-5 1.0654167281595525E-7
0.45088022214888995 0.009257631074433885 0.013564207557779463 3.7590780589080594E-5 -2.2764090513113845E-8 1.7623275114363672E-6 1.4223347193889204E-8
0.4468757560233042 0.016795451057228437 0.00766958186368244 0.0037790773398994164 -4.2672756755831015E-6 3.4248216170873854E-4 -1.9892772118017037E-5
0.41402872091590276 0.023669829052836374 0.004965601943690068 4.556027758601522E-4 5.596256037844215E-7 5.6647078358724506E-5 -3.9550261403952904E-7
0.30810632051211423 0.004685534861580483 1.8117984482775537E-4 8.290576034529079E-5 8.601205736763566E-9 5.141830924944665E-6 -5.4095346585018615E-9
0.48376238695483764 0.012687046690214601 0.01475907243046262 9.506498360882958E-5 8.49922608897484E-8 -1.0707810798786056E-5 -7.386718251987185E-8
0.5082344665245075 0.024832815032974458 0.001113388176686615 3.547358514675217E-4 -6.363629510049156E-8 -4.433595987926921E-5 2.1366105710296413E-7
0.6660526679186316 0.049645698953339666 0.02331852913298657 9.537113917804604E-4 -2.1626291737895026E-6 -2.1193400170460338E-4 -3.943474863221966E-6
0.498620237055728 0.05063390702711479 0.002861248911263055 3.398717142217496E-4 -2.526158200847878E-7 2.773524728694087E-5 2.2026467515043512E-7
0.4366249850887265 0.03719182758007301 0.0011736646031966893 1.3736513566574028E-4 1.1274590151558851E-8 2.328075201548029E-5 5.399059334585132E-8
0.22209142332601717 0.003855254122935867 2.1131102906493264E-4 7.915942083834873E-5 -3.4808352528525537E-9 3.959760988762014E-6 9.628102975217909E-9
0.5406218297945075 0.047051798254732435 0.0055586608682964955 0.0024263394406542527 -2.5620699439560134E-6 2.292981762451905E-4 8.534435707772386E-6
0.8194491539501769 0.11911560625317849 0.0025976291926092777 0.007345541229436562 -2.6101119342049077E-5 -0.002503442407626991 -1.866237427486816E-5
0.6321576017112787 0.10113860996608835 0.025167982833487167 8.583692098056112E-4 1.0003740561542431E-6 2.45062250393571E-4 -3.862201840387734E-6
0.34528056085713127 0.021995295362102867 5.379201276610242E-4 1.4020684822281027E-4 -1.982351120766348E-8 -1.3433647410112982E-5 -3.300959637669176E-8
0.3107722060026076 0.008319034062961748 0.0016394350013961786 6.212464118733811E-4 5.949441468948173E-7 4.300665909639958E-5 1.9780275380177634E-7
0.4668439124023411 0.011487600994473188 0.013721129392796665 0.00100383587998397 -2.591039448776791E-7 -6.286512602868293E-5 3.716517026308523E-6
0.46095119467998913 0.06745991805366325 0.007688930913808225 2.677689784880654E-4 -3.415763842074507E-7 -6.516626021334549E-5 1.759150314130691E-7
0.3948507716176324 0.009787241563932125 0.009083065618668137 5.668617586450793E-5 -2.5131183186035743E-8 -4.942423601704017E-6 3.198300815890741E-8
0.23706369426824475 0.004414302486045253 0.002157337618298645 1.1499995602257383E-5 -1.7684461767358712E-9 -1.5335677746652595E-7 -3.9196327135018566E-10
0.35226217105430624 0.006750586778466763 9.223534048777975E-4 1.2150625676555802E-4 3.957443772653455E-8 -9.843242061556094E-6 -9.405576634740675E-9
0.3901747569576293 0.03360514493808338 0.019695925009824637 0.0011058865937409864 5.075614851624768E-6 1.6287795472112477E-4 -9.362347315366304E-7
0.3771991161890319 0.05394011338793108 0.004100851359692766 6.452408413195944E-4 -3.579821996420026E-7 -8.712980317926592E-5 9.866551753087917E-7
0.7016061024473879 0.06813172096613693 0.006624685242770435 0.008854504964924043 -5.579927640176974E-5 5.830252519078722E-5 -3.854068746343694E-5
0.5045988079697898 0.004826558484953813 0.008695475623049228 0.0013475814549060872 -4.594592479836214E-6 6.439536650504682E-5 4.111848012937144E-7
0.3689553980970737 0.01836950903964163 2.468633690713918E-4 1.524835742562253E-5 -1.5339599756070587E-10 1.980799929702182E-6 9.228797411922464E-10
0.6170919391691756 0.07498269805228935 0.06835238205717563 0.004032257592143355 6.0211405581783934E-5 0.0011026325698956579 2.9254559834629902E-5
0.5733680721695373 0.059769334285311705 0.05256075251399482 0.0022942214515233018 2.2038139058228428E-5 5.543222427295102E-4 1.2207337514306915E-5
0.6207286014616901 0.0884232988728359 0.07575090476590825 0.007547763312016951 1.7810950260524673E-4 0.0022444006409501277 2.913539657099189E-5
0.5681026167603206 0.08234739826401238 0.06933549993541743 0.013851465754233249 4.1996102066900703E-4 0.0039143662092976945 8.886923061334195E-5
0.34828829332881306 0.034617973167315956 0.0014419676732461148 1.6241903106458481E-4 -6.519803497485504E-8 -2.51390779267196E-5 4.390304667564311E-8
0.67237741058612 0.0025989207003901463 0.027392465338339115 1.4304536438531913E-5 8.953749944727957E-9 -7.070662163770741E-7 8.864188246982226E-11
0.5396665956510792 0.10262610247110292 0.0277709431203676 0.005468792577887993 6.477199271882727E-5 0.0013027945345061812 -1.8621914124353714E-5
0.518631998365628 0.07847880467744893 0.017743076108455966 0.0011256884757300067 -4.888205574051767E-6 -3.14826112868971E-4 1.18951538153535E-6
0.4694949265250612 0.023707251798708112 0.025528145067485963 0.0014260349770107664 7.418645573653135E-6 1.873030138809642E-4 -4.358215933450963E-6
0.3935677947309358 0.019687170137667787 6.291350692831732E-4 5.585446598305127E-4 -1.7795337954436185E-7 -2.6025836721967136E-5 -2.7921248903953124E-7
0.5077498727209351 0.001358606863517264 0.03773043174848432 0.005291530902337267 -5.775002125643002E-5 1.602768975098433E-4 4.7489405916355886E-5
0.5180243313638153 0.04523686467112862 0.03131471557055662 0.0013606819674990135 2.8370197048760773E-7 2.110507532694825E-4 8.877435431879064E-6
0.7329523566445382 0.012696028442134612 0.030889367519550157 0.004547041805842035 -2.6268500486054652E-5 5.073994633258512E-4 -4.705274525728367E-5
0.6112043534092808 0.12846186495991443 0.010046144301833534 0.0014198318650043018 5.1553437945268535E-6 1.7320849272146893E-4 -1.4755399828598357E-6
0.4902994297915134 0.06445176295129704 0.029580707879671098 0.0031005870697193676 2.314868019919624E-5 7.486566534503408E-4 -1.8597801705770345E-5
0.4630867688988398 0.03230795099500971 0.07578195980082297 0.00661166844720757 5.965902219697573E-5 -1.0726363105685661E-4 1.35438438448834E-4
0.5251152671445748 0.07114293346717 0.009098919256337866 0.0019130686361927716 1.9030597888056866E-6 5.3330387345026496E-5 7.751421099123313E-6
0.554164845736951 0.033682416751121436 0.042299609876910664 0.0026524487021456905 1.493119834961908E-5 1.7528496350553764E-4 -2.3799650500842005E-5
0.43390644141144585 0.0422214095332825 0.015126945689016551 0.0018864678858842954 9.95895962859754E-6 3.431692434966441E-4 1.5406813525560596E-6
0.6617028400204003 0.20738178229073928 1.0711074735669625E-4 1.6476423797837967E-4 2.1074059373688857E-8 -3.397453048524411E-5 -5.9143320189489484E-9
0.8768302988704001 0.20010671067397046 0.003225202016599099 0.003816590457516352 -1.2230196481779797E-5 -0.001305135894971657 5.451941121276845E-6
0.7006040759398429 0.06308531021738172 0.03813284569353881 0.007998328719849965 -3.171251380935504E-5 -4.424172862305829E-4 -1.3603712629579737E-4
0.3410619752702682 0.02737245827344654 0.0035454453304288158 8.321300857106745E-4 1.3945662756810032E-6 1.3653987564953612E-4 3.1316524703679634E-7
0.4986836399850991 0.039726063491090174 0.015446812065592277 2.727257611973297E-4 -4.979791716078184E-7 -5.351034403075935E-5 -2.55651784801237E-7
0.4052851427930142 0.029203680296963207 5.723607532444491E-4 9.211522500177048E-4 2.7301498125203677E-7 1.0792838380241884E-4 6.105980492046864E-7
0.33970160668636307 0.0304737615862161 0.0012020141589948587 6.057330977786067E-4 3.44186753084251E-7 9.461951899068381E-5 3.855962197171577E-7
0.4143569823142909 0.04218911414050884 0.021471709705366014 0.0021103911711704932 1.318960274693689E-5 4.327579440036716E-4 5.2773421989259335E-6
0.6905154412457968 0.048429188204669814 0.006456951904678632 7.785077975159116E-4 -1.3698609887000858E-6 -5.5897355312072635E-5 1.0817060535846886E-6
0.41746903349476727 0.02134258420121298 0.001757880519007818 8.628938120562241E-4 -6.258709273949123E-7 -9.733529574668046E-5 8.589068853906147E-7
0.5869660734406557 0.04862523742377709 0.016887421663871978 0.015128830768336486 -1.5884663871383543E-4 5.662969988925637E-4 -1.8232933298138875E-4
0.5178305019100174 0.09181654161249728 0.04026565957068121 0.0023569003794348896 -2.1358818309169478E-5 -6.571623140815018E-4 8.424984227662401E-6
0.5685020792075356 0.055576606193672565 0.019618422097100144 9.232471326000106E-4 2.93397799929818E-6 -1.9421863548166842E-4 -2.613566678175458E-6
0.4328177148413217 0.011329382030588182 0.01715588997710793 2.951307733942728E-4 5.71842141085376E-7 -3.1409145780479536E-5 -3.376610681617986E-7
0.25054436931846974 0.016098030468263424 0.001273918906920611 8.617204052367308E-5 -8.791210271320057E-9 -4.782003499908667E-6 2.7163780456999752E-8
0.6936961787884883 0.045587006704044156 0.012549580249945999 4.8529930408798755E-4 -1.122762126400347E-6 -1.0188880784286445E-4 -4.168517003805899E-7
0.38723857145364027 0.03736719976384441 8.888549876526297E-4 0.0016563834443063018 1.9901551375592584E-6 3.192235038736542E-4 2.804492737977587E-7
0.8573457864521832 0.10738514030663024 0.034291864745262614 2.9497024134072613E-4 -7.030435323085698E-7 -6.885050951050512E-6 -6.211416971584037E-7
0.5102174702935296 0.02782523410719567 0.05721574019978745 0.00877126648384405 1.9276538380118876E-4 0.0010792126871711518 3.8101721497230145E-5
0.2942255608043992 0.009573317762739614 5.428894053565341E-5 1.088651850144661E-4 3.293513357832226E-9 8.265820429476842E-6 7.694022021402602E-9
0.4672735504236644 0.060116286629190635 0.029756791562720153 0.002440466012795718 1.9719017569803612E-5 4.931588479749648E-4 -6.608975221730628E-6
0.3032987166161808 0.009248278977450192 2.2524231627238242E-4 1.7094710564163074E-5 -1.0233385604890876E-9 -1.4257232653186644E-6 -2.79271347158864E-10
0.2948931394252823 0.00799690507770513 1.3463682072107334E-4 1.167870386986035E-4 -6.453876300614079E-9 -9.0035302322218E-6 -1.3145653814145309E-8
0.804970469911118 0.09603568642348678 0.019804918306323326 0.001644943608383575 8.578253735855669E-6 5.093566474121666E-4 -3.816324188515748E-6
1.2572844801189083 0.19153920720596604 0.14444126885311853 0.03073164442602876 4.724303354903814E-4 0.011757380736022602 -0.0019922535617148047
1.070881824024741 0.03871807798188126 0.4552252886235474 0.057402662848844814 0.008391209096145949 -0.0016954154056879958 0.003961242920634096
0.5022247949595671 0.03054694049194982 0.01236109733089229 0.002771417130884699 1.383856484071552E-5 -4.841381061544751E-4 8.46282986118427E-6
0.41480872324714024 0.06298911636679444 2.2491887368159216E-4 4.907186063950822E-5 3.8861212891916915E-9 9.727345918422064E-6 3.387644235305387E-9
0.5039974779895615 0.06473066347947885 0.04426588713616299 0.004010383186337585 5.3431491609313707E-5 8.876270667892672E-4 -4.600048348104515E-7
0.48067399142055517 0.01754341629429733 0.00389082486467124 0.0017898237281070185 -1.6568235697243692E-8 2.353546668056217E-4 -4.723169825655548E-6
0.5301266654905048 0.03001118718642371 0.013272407493932756 0.0022826669735133745 8.872566030475167E-6 3.9177864011900144E-4 -8.896037842123506E-6
0.45169119358224513 0.08688172503968095 0.014859211006007966 8.633807689324722E-4 1.2773557231379125E-6 1.325381305267147E-5 2.816301489251183E-6
0.4951382176415411 0.03616675589669586 0.03736743909138477 0.002082017627530192 1.5128499883656067E-5 3.9488671594593036E-4 1.041029707089434E-5
0.7098076170988509 0.06551936622967292 0.09682353100302449 0.014534589638256604 -4.1465077194670287E-4 -1.8553731123226462E-4 -3.5406335144306167E-4
0.25904130706885947 0.0022571224573096566 6.881118837492622E-4 2.1711794620491053E-4 7.06508505806319E-8 -7.270393270594613E-7 -4.529096386853854E-8
0.6657483178283738 0.0023199770282396216 0.01089691981954933 0.0018831630137880195 5.710835582570288E-6 -7.487451845879443E-5 6.337104371321018E-6
0.3965266013805201 0.036710389900947576 0.02154010535336353 0.0026443355844591346 1.89551353158713E-5 4.8219352698512677E-4 6.2442876868016E-6
0.4009881041381575 0.026101412720475267 0.022881764225389692 0.004173675928696264 3.2481926023819335E-5 6.705079672924567E-4 2.4668038083646708E-5
0.47917082133091826 0.001479631945385096 0.0017894344261871942 0.0019393523471993067 2.763130043813502E-6 3.9466076695825585E-5 2.3275264435502576E-6
0.49666716567720265 0.04718200005019566 0.04482600858672175 0.004814961636032246 2.16241026415852E-5 6.630598935150737E-4 6.735204162308867E-5
0.5421634163813931 0.028484011739411376 0.05423257990851338 0.005115108657198899 5.746556830621762E-6 5.179059513839222E-4 8.500064102429967E-5
0.4548290170228674 0.016180126285448244 0.024624433418311272 0.00240623481799356 -1.7175587526064506E-5 -1.4725021504281513E-4 6.933053973842046E-6
0.42546637081471494 0.05182796183081244 0.004370284790138598 0.002885119750069641 7.85320993488656E-6 6.424602358760507E-4 6.578878589015086E-6
0.4223690952580784 0.04784040674678862 0.021019129191171687 0.002539422061688736 1.8267739852970944E-5 5.206517618636151E-4 3.239819743706041E-6
0.33524434125075814 0.030116575186566588 8.201743283622192E-4 3.06209379601006E-4 9.421395070646984E-8 5.293698012003545E-5 1.2112862707361518E-7
0.5124658810724294 0.05916440043090168 0.05387335427043074 0.005974903087833659 9.816032753440149E-5 0.001447026926864296 4.3078795591762334E-5
0.40877973443010784 0.04230669711547359 0.0012437732921060179 3.468102851207898E-4 -2.243359291796681E-7 -4.301625593414908E-5 -3.943908515777165E-8
0.6775825033676713 0.016224678325107003 0.09071988257368438 0.007457828251831314 -2.8093325610969492E-5 -2.5281292662502475E-4 -1.9194070031178887E-4
0.3313873148252132 7.438644445524753E-4 0.011770840130769848 4.070066164107579E-6 -7.874288307682512E-10 -1.0920670067700011E-7 4.166227234530627E-10
0.3781711183484004 0.03100535274307302 3.3578957820686695E-4 0.0030316366286254853 2.8342009100751962E-6 4.711098773137964E-4 1.150429030742732E-6
0.4112226919946275 0.008050414938648862 0.014506468812810161 8.394081308668106E-4 -2.8764880288253075E-6 -3.5659438934187965E-5 5.528985578295442E-7
0.4451365772407099 0.005102167595234811 0.019830261060872562 3.3774607729056825E-4 -4.170551736934676E-7 -2.3826737223022323E-5 -7.681637598413078E-7
0.3330137570547348 0.007592001180243016 0.014332141700349608 3.8175808321686374E-4 8.572251539268887E-7 5.1858596929959385E-6 -2.501285187572942E-7
0.32260155872747104 8.337231400366602E-4 0.01024062056441576 6.502757310978256E-5 -1.6423319830966406E-8 8.856858947724669E-7 5.045974130536601E-8
0.42657002874124 0.005200732382369692 0.014594074000076538 5.6241588830364803E-5 -5.069446135173781E-8 -2.32290539340382E-6 -5.1320749451290104E-9
0.5775970803650883 0.07877012905042939 0.028958193132997367 6.253602422853188E-4 -2.5726064346815587E-6 -1.5084147229213528E-4 6.810282740374378E-7
0.810844530678519 0.04803320597857558 0.018550193187319288 4.6119932716701665E-4 -8.475747152256863E-7 7.24849150996497E-5 1.049465784062453E-6
0.516289915250956 0.048185831439610464 0.002838511733925333 0.0018042092864212363 3.5374331433156403E-6 2.6902522634405764E-4 2.0389150549446262E-6
0.23391981410152066 0.013810927554112087 1.6949075387005376E-4 7.910791408596968E-6 -2.5328624805604833E-10 -8.217445519141472E-7 -1.4055087424054332E-10
0.5115092287358065 0.0575209195336294 0.03829437474282364 0.0026941221556866257 2.6691441582448693E-5 5.81989859316603E-4 6.033502333005404E-6
0.4678587901145064 0.013298552058537607 0.053253955276557775 0.005809832160520086 1.0024185834089812E-4 6.016993125876385E-4 1.9874280953120414E-5
0.5875302832113982 0.0599377883504485 0.055536031015445665 0.0028075039545764624 3.056768943058423E-5 6.771260473090932E-4 1.7163080405782996E-5
0.4224125096747704 0.004281527606287128 0.002407929407146392 1.8495375904790565E-4 1.0249416096164397E-7 -1.0812249090708333E-5 -6.87722583314465E-8
0.4112909821671296 0.02812941851424756 0.006413166020171816 1.2289229453133583E-4 5.843934159109723E-8 6.143724904107607E-6 -9.212800611022397E-8
0.5012945360689276 0.05874871855543724 0.008546752474848193 4.242596561936348E-4 8.071115355112801E-7 7.555779304518042E-5 -3.528456975857125E-8
0.4613901304021746 0.015878086767046995 0.014864164431622634 2.0157789425716125E-4 -2.935363289367325E-7 -2.169089196593313E-5 -1.8864382269245358E-7
0.6159109724967516 0.06293982963766617 0.06356242422203909 0.004958565363015896 3.982880249067121E-5 0.0011191977669873625 7.850525738858852E-5
0.3350768970151953 0.0055159806069365585 0.007611113231780471 9.087531429387417E-5 -7.418350507916923E-8 2.688452111864685E-6 -1.4449157018299286E-8
0.42362282393588924 0.022052820575020456 0.00843969394903754 2.4665127133674275E-4 -1.6202369789218685E-7 3.387815224844899E-5 -3.168438627162135E-7
0.3773058385686483 0.0013445213543045943 0.015534505084693279 3.3794905533757386E-4 -6.766143034539367E-7 -2.7511771934438086E-6 -3.7653499003840886E-7
0.4387683926800462 0.08854997577741153 0.007010371159681356 0.0011912727583865248 2.899071895270438E-6 3.105156875310066E-4 -1.8565877972402889E-6
0.836112065625711 0.08179633810736897 0.01531755784368145 0.023267885636899355 2.2203050108942452E-4 0.00577368040241282 3.7902420313050823E-4
0.8162835574343201 0.0954350099869097 0.02264273410511554 0.098729441947467 0.004180564620887198 0.02956756387490634 0.0020768884513755227
0.9971214907571564 0.0891837795881037 0.017047596580087927 0.027908534310899215 2.2934591220932156E-4 0.004036596992958233 5.638917061403436E-4
0.6633084946617055 0.07993393966373448 0.008948744365563512 0.00953919558992446 2.0696449736739437E-5 9.68762461225806E-4 8.567056052845134E-5
1.029978304754808 0.1328171748603475 0.030005580745491367 0.004032637880052594 -2.63159368013825E-5 -8.121435549719424E-4 -3.571022998981903E-5
0.9680437029258543 0.07882532564953738 0.005205221358911765 0.003960167935919659 -2.5352282174329E-6 0.001105451300026093 -1.7800379002123314E-5
1.1441088859119304 0.11010232514775795 8.069308835822031E-4 0.0027132242270499437 -1.2331296784776143E-6 -8.663898948018082E-4 3.820567008847401E-6
0.7073224723532945 0.22672926196807372 0.02253528514992672 0.013370076058135588 2.30576848617021E-4 0.006064842252718097 2.6345991859234047E-5
1.1933430559401335 0.11800304805868492 0.057291785358532354 0.002427358465114636 3.8988307714980755E-6 7.457846232135027E-4 -2.83583430427474E-5
1.0274925915256061 0.13008471333864818 0.024410922899568376 0.004486268442398448 -2.0530036333763717E-5 -9.548101199546908E-4 -4.2221577807649506E-5
0.3980619792955189 0.02057700711677746 0.02094508258301174 0.0010197738305495665 3.748099742474671E-6 1.4577356360244092E-4 2.857281092557809E-6
0.4128315739112846 0.00690268944162885 0.0018143878089538121 0.0010260248532793625 1.3916046716417982E-6 2.0412359319264474E-5 1.5231668988679687E-7
0.7363379001345898 0.2544068776040959 0.08278854837003152 0.003952877154524109 -6.252032331751368E-5 -0.0019924318664646928 3.470755704721675E-5
0.734481192768601 0.07438365179485822 0.13040363989864087 0.012888540120543955 -3.874960342213255E-5 0.0023377393068173364 5.269621768536645E-4
0.3817496087552299 0.011562943269595605 0.002088963046256434 0.0018466493558754913 -3.6169668334513797E-6 -1.30709389754789E-4 2.6897138548403745E-7
0.6760485663949355 0.12413381855056801 0.1035930026117229 0.01566266173325061 5.498580893364658E-4 0.005488275692451704 3.093484389878888E-4
0.4059532407641468 0.04006604703801192 0.0016464084315011352 3.6882904074874996E-4 -1.955698910332951E-7 -6.813863390686768E-5 2.106149756924771E-7
1.5387982523009638 0.2749770593477525 0.13035384673824066 0.02604141092474338 -1.0985222410245211E-4 0.010655850860495659 -0.0015132734178509607
1.5781071093177195 0.3708413535139975 0.0376841906155482 0.024117944626839964 -3.767551851909104E-4 0.005475350084890146 -6.218681039706495E-4
0.22481504038122424 0.003450472956517776 0.002200093932518703 7.722211504349682E-6 -7.963548943875152E-10 -3.976837346613099E-7 6.15590372301961E-10
0.22140506053681863 0.0013283197526862318 0.0015200093186042306 1.7959064168508505E-5 -1.3236185464296786E-9 3.5442886638715604E-7 -2.6556327166019073E-9
1.0311615148201627 0.038262276826877314 0.19648791384320913 0.035895527198980454 -0.002565182984442254 -0.005414489622212643 0.001583539162857986
0.6120843238775556 0.09779217980883737 0.07653820344582063 0.011310721225415661 3.041722481927915E-4 0.0035360160656201737 1.350208382386733E-4
0.38769592139671394 0.007523698170207814 9.563224448894184E-4 4.110183102058664E-4 -2.5163262470364205E-7 -2.047223638250091E-5 5.553418856762459E-8
0.3056078078474938 0.007480641042074932 5.983059175174418E-4 3.5411863998889993E-4 1.0953705557320761E-8 1.867903797008197E-5 -1.6263049204281765E-7
0.5517785621205109 0.069737429714792 1.8462543492298645E-5 4.3218621125091367E-4 -3.474819493285876E-8 -4.586420246376317E-5 -1.6821646379688884E-8
0.7849968885468593 0.025112224237609195 0.0056318811341164576 0.014008575902137138 7.152402171766483E-5 -0.0013898635591957558 1.018165656696134E-4
0.6986472183132015 0.023997168828362284 9.862801255756302E-4 0.0028235475205723843 -3.657804930073832E-6 -1.487199817993377E-4 2.970207091346325E-6
0.25780712921338933 7.735077530267138E-4 9.549931667958306E-4 1.1268632312045084E-4 -3.6802256933953546E-8 3.0726070462272513E-6 -3.4795498774565895E-9
0.3606676720893698 0.022557890701913802 1.6436680443847603E-4 5.585102762318981E-6 1.3702303173867002E-10 7.192826336580988E-7 -9.929942811872447E-11
0.5985593922642009 0.08799110456355724 0.0764152885725485 0.012373501469922225 3.781478129513685E-4 0.003208131408311931 -4.204053716371094E-5
0.36931234271990804 0.010413022581137195 0.00966665070579076 2.457183331064934E-4 -3.434127212985975E-7 -2.174706280178937E-5 1.5962695438932953E-7
0.372883986903505 0.006560252709249781 0.011186689176084123 7.577356483380465E-5 4.13493688225807E-8 -5.558004603611893E-6 5.6188571347563115E-8
0.4406044716889619 0.016509197781496482 0.005771444780717964 1.7250543918703048E-4 -1.7203502860330397E-7 -1.378462491195252E-5 5.595253924669032E-9
0.41183348967081185 0.021314603899770444 0.011807137148569211 9.147813039922782E-4 -1.6253504669941558E-6 -1.2746951411799756E-4 -2.529177266119777E-6
0.6991569976256795 0.07287410589126257 0.03579732277226845 0.005359543974197781 -7.387214738121268E-5 -6.197828297428561E-4 7.345215342405879E-6
0.6991569976256795 0.07287410589126257 0.03579732277226845 0.005359543974197781 -7.387214738121268E-5 -6.197828297428561E-4 7.345215342405879E-6
0.5537693270266397 0.03587264111879694 0.02419325838399209 0.013917354222816704 8.339251516326519E-5 0.0024879585339372505 -2.413777691376272E-4
1.2393456217608483 0.20114875015408262 0.2672039872302282 0.1669845115727502 0.033093443849999314 0.07488773198090362 0.01220534426149018
0.7412544670100822 0.07855176758203078 0.06970722197776563 0.003149581672874824 -4.214016339181069E-5 -6.206845698063456E-4 2.0052404555620273E-5
0.6187452833999574 0.0059859686412145376 0.10045555786891094 0.006297761897651979 -1.176210850902532E-4 -3.290475238866881E-4 1.0609962414252156E-4
0.8579618278842185 0.1207195090183669 0.05362025619928598 0.016826197949669806 5.024382857112364E-4 0.005575138251803726 5.4722660322917326E-5
1.0684678088469404 0.21255301881165806 0.05183195158317515 0.012984151879248056 3.35491009091551E-4 0.005272782196516492 -3.007687427314641E-5
0.383463939464478 0.002033787157706403 5.855368528531956E-4 1.0803810875921233E-4 -4.006035134401769E-10 -1.9937619511046145E-6 -2.717035897345112E-8
1.1074703896846059 0.04302105204182578 0.24318699793658144 0.0032612263430366268 7.140818006087171E-5 4.4234136182398073E-4 -5.7756685508329586E-5
1.0112839298030498 0.23855138863647846 0.05120122237038807 0.009856144704361709 -1.787024593975056E-4 0.0012655818418427017 1.3072344139521022E-4
0.36689200269442146 0.025069780349850055 7.760868250633907E-4 3.8452781020990696E-5 4.390557023540072E-9 5.812066646094783E-6 4.9848679914004225E-9
0.4302710909802535 0.0017437261923840997 0.002848808742595572 6.802367890370366E-4 -2.637466079300424E-7 -2.8404057216152292E-5 9.094671198790714E-7
0.44728456239426295 0.0643525159392727 5.696843626053213E-4 2.415545510010029E-4 7.923316214690161E-8 3.6416024424372035E-5 -4.185030808909524E-8
0.6109371645932427 1.1576217742653555E-4 0.0011653251574106323 0.002535856939751549 3.7331889304635997E-6 2.565577582137974E-5 -2.2508366154942366E-6
0.4476189865053325 0.03531236429529148 0.0010393455058922943 4.5348373422317184E-5 9.039497805704867E-9 6.964505906565542E-6 3.900583226668789E-9
0.9338792877100348 0.0971057881703156 0.06611271049308053 0.035039121784295066 8.523033146860959E-4 0.008020392029145453 -0.0014552241559829169
0.7701200288178052 0.05983215811337876 0.08262284949819845 0.0010282738577872248 -9.33215989567755E-6 -5.5326556338034186E-5 -1.6558555492411684E-6
0.38237782943975873 0.003790749501224393 7.495683915232432E-4 4.888027647679623E-5 9.094032995484667E-9 5.013398257954663E-7 -2.1999339696461697E-9
0.5237283423431945 0.03348359682420145 0.04009273896732696 0.00197173687770208 9.271206837856924E-6 3.3974700897985093E-4 1.4878848611086387E-5
0.49519628190517107 0.010809221583748323 0.02152803155542682 2.579207816048306E-4 -5.817377675467426E-9 -1.68240892284892E-5 6.077315303432922E-7
0.3605500612106736 0.01772402538375353 0.014270843531187603 0.0011070911329350652 -2.8234706357870156E-7 -2.8516771382847608E-5 -4.391410837561787E-6
0.7852190340472751 0.02939653392739221 0.06462384377994197 0.05695318236115283 0.002955968234993024 0.008923602130540404 0.0017890415346952938
0.850731029323622 0.23549993940711092 0.03718733180845364 0.006483674971098707 8.792944401868027E-5 0.0029378024488260408 -4.9032938295771484E-5
0.850731029323622 0.23549993940711092 0.03718733180845364 0.006483674971098707 8.792944401868027E-5 0.0029378024488260408 -4.9032938295771484E-5
0.7255920260308173 0.08543498823789356 0.06824122642003475 0.018381862255190253 5.273184688518713E-4 -0.001427687081232616 -3.8182235979122343E-4
0.4059693112803956 0.023994330595342193 0.005983495590154834 6.831593351639269E-4 2.1882675956314922E-7 -9.054529205747758E-5 -1.3637678707774368E-6
0.4296772800670612 0.010047649226577263 0.04470270461408328 7.601615491135386E-4 1.8237365842415909E-6 2.612317719000531E-5 -4.038553667246554E-6
0.504188370588236 0.0352378006216 0.08176280625582355 0.007214844096675768 -1.7341027663504336E-4 -9.387514818716773E-4 2.5215533519997327E-5
0.5116957360244729 0.06838449733893948 0.042524440385849856 0.0032305979598484507 -3.433762934390971E-5 -7.300889688947232E-4 1.596004902857034E-5
0.4115711365471111 0.051878419031467234 0.013090004528170987 0.002303735044483664 1.2387620864081697E-5 5.0990289712688E-4 2.5671204086839197E-6
0.5647949604526268 0.0012607868864731309 0.04368111969639271 2.9378301821670293E-4 -2.106966617216831E-8 -3.283832994126133E-6 -1.0522037875572627E-6
0.7084472268465427 0.050560501464949774 0.06289258880295785 0.009748550009471186 2.2000111622712772E-4 0.0018941519020356167 9.932819833775736E-5
0.5357271911887639 0.05869250257322694 0.027708718821490712 0.004890017699791018 5.1404117093138406E-5 0.001170424058004634 2.4446617410561143E-5
0.5099595744804611 0.025816205249518595 0.023508564087123558 6.591751898582999E-4 7.663699105615859E-7 -3.731254319099222E-5 -2.479110318004439E-6
0.3858730043806981 0.02204580478451782 0.012924121863338198 4.999325680987321E-4 3.6228778746662194E-7 1.2080070964538846E-5 -1.2180349980743233E-6
0.42400357723913973 0.0083025741876092 0.010856882017672485 4.600904520597848E-4 -2.1368892011204216E-7 4.136985923204802E-5 -1.005845926093187E-6
0.397771387170187 0.017946440251798798 0.01733261894943887 2.025871250788841E-4 -3.79004419176006E-7 -2.4071919511551855E-5 2.1621908675222416E-8
0.3586775390949444 0.0010506634153640234 2.461445599189695E-4 1.620055074782005E-4 7.253736608559968E-10 -4.512202258326435E-6 3.2343021768869055E-8
0.38228672843735695 0.015100651106473396 0.012039595649195687 1.6630801978661955E-4 -1.8139320167812354E-7 -2.0203036364213032E-5 1.499210412289174E-7
0.7859137227622108 0.13040768400977545 0.02124152373218196 6.49242571478139E-4 1.9128832097953194E-6 2.2380705148728668E-4 1.4676383438192706E-6
0.7257614093274125 0.03935255756824176 0.17606888185969533 0.008623306273079315 5.6360218711344346E-5 0.0013333693356857332 -3.312493785934846E-4
0.7557103132925231 0.010917249881962795 0.005188212937461815 0.004991623497329673 -1.0296620193615035E-7 4.6801353685366713E-4 -2.5402008614609878E-5
0.67428708853143 0.030484362604852582 0.16792963517684115 0.009518736948500025 2.7975007345424214E-4 0.0015034506670022242 -2.5801581458907333E-4
0.32693170231047963 6.166939104357694E-4 0.0058357635269267695 5.01679876478141E-4 -4.3491670347911607E-7 2.631714939611733E-7 7.400642902017694E-7
0.5178915645161579 0.08378432177569994 0.010235334043397923 0.011914576727903466 1.1816482122018393E-4 0.002188456472401961 5.786796721779636E-5
0.34706424422241255 0.003775466687537653 0.017988132597569817 9.724607648591839E-4 3.5617617214134155E-6 5.569656316208148E-5 -1.96377167904087E-6
0.32645413885656127 0.01889572295866039 0.0041987407990144825 1.081518861215321E-4 -3.933627218541742E-8 -1.4391500315253518E-5 6.135314761432778E-8
0.3590579764996309 0.009319453585472145 0.00915529601584141 1.4041878607191991E-4 -6.144471227993978E-8 -5.384043584691567E-6 1.4687682032846E-7
0.38002011223500665 0.023717551389268385 0.005956320750926418 3.6893952271251342E-6 -3.586673521767376E-10 -1.893666937535683E-7 -4.1288796253734755E-10
0.48988056480088543 0.04009082137387752 0.009137019038958409 0.003250182796657685 6.059595024746179E-6 6.350031290237348E-4 -1.664304562861928E-5
0.5861894459623384 0.012514879400120018 0.03990901300901915 0.0020174829510856093 -3.705980532016866E-6 -1.7625134611017846E-4 1.7719592080376454E-5
0.3667299384939009 0.010248136593554641 0.007687905318442638 4.874784695532918E-4 5.861747941846359E-7 3.833304180661071E-5 -7.395823092959882E-7
0.3431046084237505 0.014499324063663537 7.032032585740115E-4 0.0017276022894000518 -9.398935065843546E-7 5.95406908808627E-5 1.6560404122515232E-6
0.34213937869238925 0.00894084114962809 0.006113109688333984 3.4466520936190755E-4 1.729016048307672E-7 -1.95681898354978E-5 4.6946926829069316E-7
0.3664258962058999 0.01154630190976714 0.007875034449296776 8.330578760391656E-4 -9.842497406974485E-7 -1.1208618380666307E-5 1.8931577597237781E-6
0.35554735879093613 0.0287616435362929 0.003305691863792251 1.4904611891078138E-4 8.025650077562262E-8 7.123802666922916E-6 -6.711267596992677E-8
0.3218943243076632 0.005354803324262869 0.003911673077408712 1.0254412342176124E-4 5.3879503415092295E-8 1.6057000390498237E-6 3.626135052364622E-8
0.5723287412925615 0.05397291513873102 0.14354873424808945 0.014132278392830148 -6.226117767708725E-4 -0.003231555249421518 -1.3237562051765994E-4
0.29042509731942023 0.01376367306167263 0.00520972198955176 2.396354793599266E-4 2.6775110616174416E-7 2.253764743886578E-5 -9.402389281020771E-10
0.3170483850453758 0.02355256485264293 0.003928151965425859 1.1861989206725023E-4 6.364207952235944E-8 1.4573899931138001E-5 -5.0060128450781274E-8
0.3206144686605748 0.011606342011541529 0.006459501049924541 5.8177859592826954E-5 -2.0921946944058566E-8 -4.796390585077373E-6 -2.8883012932442927E-8
0.3206144686605748 0.011606342011541529 0.006459501049924541 5.8177859592826954E-5 -2.0921946944058566E-8 -4.796390585077373E-6 -2.8883012932442927E-8
0.4308608931768794 0.04442084055382039 0.004176217894631914 0.002140047968871972 4.7528760233257475E-6 3.022912489568067E-4 4.282673677459496E-6
0.3776273840247238 0.022271605859683297 0.004610874474210543 2.7305730078624373E-4 2.9785959841405794E-7 2.6905519300415157E-5 7.178802135598442E-8
0.3312920654161149 0.025911876568644097 0.002922119050294397 7.5560914671601485E-6 8.777253994304409E-10 1.8773814704075537E-7 -7.001668374137266E-10
0.39716046275147643 0.025825468617359876 4.799543996943462E-6 2.4007810648525162E-4 -6.752117780107749E-9 -2.1206521811925768E-5 4.563178855784772E-9
0.38029836466327843 0.01585881200947496 0.0042837622650050925 6.323208987513913E-4 -3.0476488165820274E-7 2.0210763166577142E-5 9.950588358598844E-7
0.37486675159050237 0.024666666916114844 0.010827499375503532 2.5428471692354136E-5 -1.3287668956654637E-8 -3.9386381713418756E-6 -1.2108312891157838E-9
0.47505906227190775 0.00334757559337939 0.004370548125556483 0.009533996533794043 4.9408312921256166E-5 7.651201630406769E-5 3.669319319698237E-5
0.4738684117754315 0.015863737120110154 0.029596936720380503 0.004020791748381922 4.238094341310136E-5 -4.4389709934587463E-4 1.1302709693337624E-5
0.3278768006808046 0.006244089651989455 5.993126717060615E-4 7.930745472518548E-4 1.797047940928604E-7 1.6620921542094648E-5 -5.163855919642745E-7
0.31476228435778153 0.01575907520195366 9.16517243773819E-4 5.6501055568299914E-5 -6.422302987137448E-10 -5.918473742154841E-6 -1.2841409700513231E-8
0.2727812970535449 0.0021212526044623726 0.0012885237152838948 2.125489012577838E-5 -2.18324157721858E-9 4.0769212497678934E-8 2.757949449428156E-9
0.3126590811524408 0.007914750278895818 0.005117252960408749 4.09451648172803E-5 -1.8546654215841905E-8 1.3089610790853428E-6 -2.700852995652256E-9
0.5334051846803138 0.015143449443242026 0.03218005982987001 8.83214029165814E-4 -3.9303870047064165E-6 1.8224016836517146E-5 -2.59288054100507E-6
0.2894716607710363 0.012106907655742573 0.002106221577565318 1.9094667279921992E-5 5.397369336049607E-10 2.098003661179844E-6 -3.791078369892757E-9
0.2763993885047521 0.01094124588679502 0.002214719589484053 9.671622698497076E-5 -2.1353501224472397E-9 -4.707453529975501E-6 -4.471092551888596E-8
0.3514716996841556 0.0068499375571067205 3.1639569333332844E-4 7.485569352324411E-5 4.879796799724722E-9 5.444209574269954E-6 -1.0435421408117938E-8
0.42567261364975106 0.029678514696152583 0.0028649869152303636 1.5602130975686494E-4 -8.409560235402441E-8 2.6110563081392937E-5 -6.171766145558403E-8
0.6843350648645672 0.039683140316000974 0.1627233742159987 0.007902149480479142 2.0186171437135727E-4 1.1943955558830672E-4 -1.9886257406118927E-4
0.45846952778887506 0.020909113626595005 0.04604188995531962 0.0030155516028326024 -1.687238278101856E-5 -4.3506056353240577E-4 3.127118161085871E-5
0.7069881319059093 0.056002901447508566 0.02403376285702841 0.0031276027948197653 2.5523064974740604E-5 2.659221958975028E-4 -9.157487723951185E-6
0.3382349494560062 0.0013548689304539285 0.0010024445148421747 1.0230895452366316E-5 9.354268811581284E-10 -3.287159089131867E-7 4.4550494893927604E-10
0.7053818229246775 0.045774403459097446 0.003960787122873822 0.008950951828527466 5.1682162769202905E-5 0.001307892375873144 1.3016036717356601E-5
0.3966577223802533 0.009599797344200488 6.733763309945725E-4 1.0542611722103146E-5 6.6356895064025E-10 1.0040442965066259E-6 5.905273400038339E-10
0.2924921731167801 0.001991981290357832 9.544475941293545E-4 1.9324835430704036E-4 8.168621274616585E-8 8.611631397275771E-6 -1.4678676543867494E-8
0.3119849526830386 0.02209680546070583 0.001007799592826366 1.6028195587835777E-4 2.465036774883526E-8 1.7878845414490066E-5 5.9516116198469765E-8
0.2875333947529925 0.02105888481149823 4.876749594845918E-4 1.436618532538149E-4 2.3079553889487316E-8 2.0831807957081306E-5 3.022067893216407E-8
0.29313007422195675 0.013095372657465005 1.9508320870556238E-4 1.423874603740348E-5 7.48377022941735E-10 1.0892845236141522E-6 5.5642961908348354E-11
0.34495198226944424 0.025255542680646885 0.008159798666837971 7.220632577916836E-4 1.6644135216896603E-6 7.719730704763551E-5 -5.491941832009946E-7
0.8316940993676254 0.13405475672424735 0.008410002194309776 0.0037315833290570283 -1.941786006827951E-5 -0.00134352251529044 7.742143009839649E-6
0.6240156039504732 0.06820513874622472 0.0682767853317692 0.007884293539198287 1.664821033744355E-4 0.0020576600414061235 7.580529790373686E-5
0.3519628033632088 0.03268631359676403 0.0027641672046314386 0.0014695608214773247 2.8688915446683683E-6 1.9039504518228797E-4 7.362299913316445E-7
0.4922688651927365 0.019818014390845275 0.018125131765145158 0.002936488667277786 1.309276789560957E-5 -3.913077711607861E-4 1.6956717225501946E-5
0.2966774494309089 0.0048325171830336106 0.009950630974934156 7.8554638568912E-4 -1.2846913351728423E-6 -1.7145276452360535E-5 -1.7813227792110384E-6
0.3386501571233497 0.009737833069543553 0.016098473169192794 8.894632128899488E-4 -2.5633126493725032E-8 3.240993686365047E-5 -3.365671578239057E-6
0.419837022282908 0.06815165256340007 0.003775127687818392 1.8942239856179426E-4 -2.6907209475315762E-8 -2.2147592593658236E-5 -1.5790557251916494E-7
0.28246456559066413 0.008846191338342173 0.0036857622421568566 9.092557058268086E-5 -3.844387087538698E-8 -7.486481467866875E-6 3.595473188067403E-8
0.4715939630692946 0.12834537101615157 0.0016412117185347318 7.045328318026435E-4 7.29616807417705E-7 2.4790627125025397E-4 -2.0396501220187781E-7
0.5210399173282687 0.014921271803255266 0.05527535520196032 0.0058200951406176165 4.633161386955362E-6 -7.075328372497168E-4 1.0428761317608692E-4
0.6038402895837583 0.18114902022795204 0.033887479438072896 0.0032962186969882987 -1.8564468678675233E-5 -8.288694688289575E-4 2.9478693165808445E-5
0.6031956578413149 0.01426514191852069 0.11000510943244493 0.01100994577520691 -2.5002210256522847E-5 -2.3966198126789925E-4 -3.8234696623147134E-4
0.6548976753383735 0.0062255915665530995 0.15676397328579095 0.004253928620917235 3.0357963298141484E-5 -3.180778907528614E-4 -1.0557405723183177E-4
0.5819410725711266 0.014518439496592053 0.06314079184849405 0.004323163522225463 -6.517397360256601E-5 -2.258413572813849E-4 2.9224207292401828E-5
0.7796147049757027 0.03446815654986933 0.0031971099777437823 0.006643395609359113 2.9499787380211402E-5 8.750818537008166E-4 -8.195667124426238E-6
0.39628746127192627 0.0022935458057730543 0.005383789584259613 0.0019125846234088059 -8.564732664434306E-8 -1.7603014843947544E-5 -6.136669512729806E-6
0.4970958771789881 0.005732307702969574 0.0024240499896900055 0.0037485874404907782 8.145858578109238E-7 1.3942922074754478E-4 1.1270439681586679E-5
0.2613698917093569 0.0015440481397422136 3.060891587998838E-4 9.16603764332454E-6 -2.5044728026798913E-10 1.7643015909712087E-7 -4.1592573779010404E-10
0.5622523720727415 0.16599397200228028 0.0010185551460117385 1.0959667614132595E-4 -3.550301316271441E-8 -2.035224719056455E-5 8.965224509664573E-9
0.5007190982794913 0.040427270362638476 0.006220102639926066 0.001998726649191696 -5.590854605211424E-6 -3.7837715227145396E-5 -4.2904757230101135E-6
0.23866440562848334 0.017586355715192112 5.088613498193627E-5 3.520823160708044E-6 -4.670081626018973E-11 -4.0556559973717274E-7 6.320570195666226E-12
0.28127864192647933 0.011942164251028202 1.450175890647397E-4 5.627610745310925E-5 -8.323868811064014E-10 1.899314449217094E-6 5.01528681179627E-9
0.4863991416926329 0.0827703209607046 0.004161853481392492 0.00158560116844379 3.5948062386793728E-6 4.2034841582988113E-4 -1.915259493074187E-6
0.2780163716149072 0.010232601771842553 3.087656730884208E-4 1.3237633301010788E-5 2.5675696202571507E-10 2.708770220466803E-7 8.064231535593854E-10
0.5195762814320871 0.016655742950793195 0.012666976832803689 5.187299640810815E-4 -1.484913411975723E-7 -5.80719289183675E-5 -1.3213668131941069E-6
0.2533682951492561 0.008646960362964605 3.5809573329654236E-4 2.7650095081223102E-5 -2.751295752094436E-9 -2.5684760831526313E-6 -1.5885779568013665E-11
0.36153531344014445 0.011062940443567405 4.6155536697789246E-4 2.9451114675836746E-4 -8.241096126235694E-8 -2.939667955858138E-5 -7.070252044936627E-8
0.31079050014766774 0.010867612662883852 4.4037195017972966E-4 3.508381200078778E-5 3.9006643161620654E-9 8.850092269627246E-7 -1.9498022692439904E-9
0.2940466601375149 6.048562468283363E-4 0.0035786290839659642 6.172561026662771E-4 -3.170187344793006E-7 -1.220009939979801E-6 8.608791748174539E-7
0.3179470311856931 0.0016068585408719471 0.004698239709446861 4.61524728793508E-4 -2.8298433318926385E-7 -7.672056795015844E-6 6.178917649810596E-7
0.28611622229897954 0.025162158033643748 4.878119637859333E-4 2.0499126217647025E-4 1.5819018343412052E-8 9.861439291162273E-6 -6.286320340321579E-8
0.4413697737767268 0.02748015020178717 0.00825264933152843 4.518908434491171E-4 -4.2214155911857846E-7 3.470001716484116E-5 -7.63766179549908E-7
0.29301418502721704 0.016199287052661 1.4865218062374013E-4 4.682066082851619E-5 3.3091529276037536E-9 4.7015878072719886E-6 -2.0753373876383114E-9
0.2517285015130277 6.683022614020035E-4 0.0013684888172858234 9.270606448830884E-6 4.042324584467325E-10 1.3018346548338824E-7 9.627800979657872E-10
0.43361392207990385 0.0037058882208235518 0.0076684706021089375 4.2141012275436833E-5 1.4910369948781166E-8 2.0888155913193925E-6 -1.8750046628573155E-8
0.2932523865591101 0.020458176459103406 4.291010293214452E-5 8.423513284428198E-7 -4.873688729817465E-12 1.5073403846662666E-8 -1.3763438260241614E-12
0.592554264611342 0.08726095524109787 0.005036433487629849 0.0011906743112206483 -2.5793406926140445E-6 3.001791848579134E-4 1.3596428722103502E-6
0.39742451062456585 0.04679920955802133 5.611828011335758E-4 4.083842500645373E-4 -1.646343568296269E-7 7.32087436466004E-5 1.054388142593565E-7
0.46407820143715506 0.056730719955175576 0.001591917432314396 5.155121150042881E-4 -4.4649748409499036E-7 1.1785192223502945E-4 1.3686017266794563E-7
0.269083821370233 0.004711895445089458 0.0031356491439630315 4.6265915125332804E-5 -1.2804788683137068E-8 -1.0159541109206372E-6 1.2106719462881543E-8
0.544528286643553 0.0028409919815104295 0.003007985172475949 0.004730987103347696 1.3764059247294666E-5 -2.3843449139198362E-4 -1.136074273024858E-5
0.7236589990530017 0.016602790643225278 0.010065949048968601 0.012040488802573529 -2.617333177926666E-5 8.47193319957547E-6 1.299445132992629E-4
0.5072551157425809 0.0028403284375756654 0.00688169036423715 0.005737540139459377 1.2307604803267702E-5 2.9598412362413274E-4 -3.388672766244359E-5
0.3681471583146798 0.001229889038598681 0.01179322795356874 2.5444603914724195E-4 -2.259430451792009E-7 -1.0937967392277864E-6 3.7845213657034336E-7
0.2968597016302549 0.009290614248002906 0.004107133985116439 3.374876734040527E-5 1.2543706600038527E-8 3.372591449017847E-7 -7.28116039102523E-10
0.3352837888305049 0.005307668522029454 0.00857832579913606 1.916202068561766E-4 -2.2477072957088792E-7 1.3946056025568006E-5 -9.917133183144178E-8
0.551439581345568 0.009240086958224944 0.004649166141839016 9.177626435608746E-4 1.662092712729711E-6 -3.710040063631104E-5 -9.117837038584265E-7
0.5435562569575826 2.501877479966256E-4 0.003267099355769309 0.008038189178681475 4.0098786582834065E-5 -1.1712824351782471E-4 -9.42932377953533E-6
0.3791108394415572 1.0718306668980284E-4 0.011453757846482908 1.9367709590973353E-4 8.714289390345955E-8 1.8565831036850766E-6 -2.749863790710935E-7
0.9707233302410885 0.7206461202944396 0.05007714261599062 0.02838147677369438 0.0010471293290437581 0.021078181581129413 -2.1990773631150507E-4
0.42392773080013074 0.010964146038635717 0.007513665265330153 5.699440781196974E-4 -7.491669821527806E-7 -2.1402663651417657E-6 9.109432126836103E-7
0.5037218216706231 0.14982901884622046 0.00119394419800531 9.119718885742844E-4 9.451686379518424E-7 3.46671001298092E-4 -1.1063228082130971E-7
0.35447323108283973 0.0021200633734061993 0.001127522057311799 2.5139397483409565E-4 1.1401690839331379E-7 7.896495041087858E-6 -7.01000982825833E-8
0.2993102108902224 0.0065611465403687536 8.228450290547545E-4 1.4924670951984998E-4 5.214419834899869E-8 -2.9096091777367804E-6 4.056479330146393E-9
0.42714520292273656 0.03435823867417292 0.032764599023652266 0.0033770745173546976 -3.1231953205354546E-5 -5.60952013568616E-4 -1.6925438525207783E-5
0.40205380541627833 0.04440353954901824 0.0010817726747323136 5.163317258223979E-4 1.7045152804632638E-7 8.602541895287686E-5 -3.46201947460786E-7
1.043357247998708 0.6101794730469169 0.11668159243198704 0.23858597820885177 0.0388859636855364 0.18523606263939213 0.008517363544450032
0.27251642085328187 0.002922558462735595 3.581167625141715E-4 5.7024448010674947E-5 -7.870197058374204E-9 -6.056011153857035E-7 2.113312522587064E-9
0.35573708627143885 0.03209075223346539 0.006117213710015493 2.980787345275237E-4 -3.482414193740704E-7 -5.2576034765621344E-5 2.018408014435992E-7
0.3584175944676722 0.047217899597434485 0.0023883033805640573 2.522063097168029E-5 6.123830466314089E-9 5.4531220158621155E-6 -9.014912159000516E-10
0.41061020529923964 0.053412655972161965 0.013703047519688517 0.002064162642977112 9.785529754829429E-6 4.388608594158807E-4 4.975999604775582E-6
0.48382387900944235 0.06568600571475859 0.03385898366591264 0.004895337158524294 5.9060650976121356E-5 0.0012176322837838978 -2.1998951432457882E-5
0.4146865984450306 0.008891497647653526 0.030085376151525643 8.599512907850199E-4 4.320575769356546E-6 7.37549138034069E-5 6.821713212543329E-7
0.2834243973212604 0.015735289609887026 3.67621091520649E-4 1.1380840455012321E-4 2.2337390729699907E-8 1.4157697392268917E-5 6.553343352292204E-9
0.3036019589783072 0.01656469916506374 0.006320712012269744 3.3348696040114286E-4 2.1855565390311344E-8 -1.7918102943535634E-5 -4.836802723333254E-7
0.25990822662694724 0.026286005806600902 6.842324368174001E-4 9.12261927672037E-5 1.8114771850422684E-8 9.72955271064032E-6 -1.3832109003397233E-8
0.33510362956185413 0.00814317926614542 0.0029290150939309248 8.605127974105598E-4 1.3223431586642605E-6 3.351520753395917E-5 3.431629369477901E-7
0.36097269535816484 0.0053764833730196296 0.015236724645845719 2.0109547702430643E-4 2.2896181317718428E-7 -1.9680723556426105E-6 -2.673653945412975E-7
0.320574246113738 0.006714367079493618 2.3421229073454364E-4 2.304799459448116E-4 -5.349626180740088E-8 1.3474652300810636E-5 2.3848504978324574E-9
0.28429986386007045 0.0020735549853241274 0.001133114203527668 1.7281201146231688E-4 2.9378048615280222E-8 -4.991019931323501E-6 7.060290332294478E-8
0.33554683601199853 0.0071110685653717615 0.0018636820981784326 3.486659274620087E-4 -2.802301297936089E-7 -5.425495618958463E-6 -2.1591945495612594E-8
0.3746767662002718 0.010743257846843431 1.1761050793840978E-4 6.588144778247317E-4 1.827781777184283E-7 5.5661341930421105E-5 1.4926770743461125E-8
0.33510362956185413 0.00814317926614542 0.0029290150939309248 8.605127974105598E-4 1.3223431586642605E-6 3.351520753395917E-5 3.431629369477901E-7
0.320574246113738 0.006714367079493618 2.3421229073454364E-4 2.304799459448116E-4 -5.349626180740088E-8 1.3474652300810636E-5 2.3848504978324574E-9
0.30319822366726834 0.0028944535600952397 5.93475490306577E-4 8.038514833356082E-5 3.7006470513998732E-9 4.150143245837044E-6 1.716317237454874E-8
0.329814674349048 0.0037200205406069317 0.00555161870796888 5.581225932434192E-5 -1.3054229838173692E-8 1.8035031410361302E-6 2.8191618706491814E-8
0.28606985157926795 0.011197322201702093 0.0010017367983156911 1.1816895013654191E-4 1.020706248709437E-8 3.333175711871343E-7 3.9354558312375966E-8
0.27144721640935 0.01226478246242305 0.001789864384092251 9.646695262598144E-5 -1.1569832977860124E-8 -7.0360618136723796E-6 3.837859687381793E-8
0.38655761779735287 0.03652237758911236 0.0019363414050069638 6.211310826233362E-4 6.252595136591563E-7 9.73394147177796E-5 2.7030579053812884E-7
0.34579191364459 0.026490929704089516 0.004527917248528036 2.563991553094621E-5 5.771785086443542E-9 -3.9967290446001097E-7 -6.55806639894259E-9
0.2547468230478961 0.0010961895724622 1.0314512499254178E-4 8.662390325374899E-6 1.4560018788001319E-10 -2.847540927927321E-7 2.1411422099000194E-10
0.32705567844308925 0.017129701271555033 0.0027722531239452006 2.0711775170686908E-4 1.0834021572760283E-7 9.560746770527972E-7 1.1354979893164462E-7
0.5288882174184453 0.05884749066110888 0.004500316522241615 0.0012081817343803669 9.011865362668893E-7 -4.9331638206232795E-5 -2.6691873038072063E-6
0.36004135714636065 0.0275722197016428 0.0016001458102722181 0.0025464696572837834 5.088434573110193E-6 4.217570725439647E-4 -7.282889028158849E-7
0.34480600807061407 0.005036886757360198 0.009830723847253137 4.0234738774833285E-4 -1.382408618722129E-7 2.0093263795282136E-5 -7.881609295595472E-7
0.32604637433845307 0.03592229527641372 0.0037001189838192657 1.1363480218344469E-4 -7.03009663908916E-8 -1.7811131281473417E-5 -2.2071435632905006E-8
0.3314598730366901 0.04430572179567608 1.2985986266139579E-4 1.0788740826516948E-4 8.715257468725221E-9 1.4510708589625106E-5 -9.333767972967251E-9
0.47267899726040713 0.06603946880045955 0.019743184138888818 0.006608015564165128 3.659126694865152E-5 6.436575472403504E-4 6.601417459185516E-5
0.3528506856448226 0.03224787722774596 0.01494339764532284 0.0010063685058961532 -3.0181650643393575E-6 -1.1829663949573772E-4 2.4741464618240072E-6
0.44420943927733336 0.013627344601214656 0.008468408689093898 2.989379524469829E-4 -4.143914148924593E-7 2.527659938720179E-5 2.334674199918855E-7
0.4439016738925567 0.05117181742565274 0.008186323184177934 6.027451316135935E-4 1.1321999513013384E-6 3.70662003867923E-5 -7.146681935401431E-7
0.4593761538096883 0.041130232377079995 0.008639689679092564 0.004178997547059446 2.3038319370922888E-5 8.052917587366107E-4 -9.988920188603114E-6
0.25422310113149893 6.772993244170046E-5 1.6842408463177948E-4 3.158346689125399E-5 2.2984774231499127E-9 2.532134705592172E-7 1.523197686930881E-10
0.33202127673851395 1.0166596416946888E-4 2.3232208866663982E-5 9.21261387594261E-5 3.618480077727359E-9 -9.267254947388779E-7 2.2520561834532033E-9
0.3585367009346479 2.0590097953722425E-5 5.166204582871861E-4 2.897492279070624E-4 -5.643464414508567E-8 -3.152132475785298E-7 -9.686242347615631E-8
0.4729331338375541 0.0011108127876816676 0.002199332793601888 6.814717687677707E-5 4.066238084652815E-9 -4.4057264384978336E-7 -2.6067341309272776E-8
0.32054859351442055 0.003429415095452945 2.0822354796163604E-5 1.2661062898927474E-5 1.469416050456606E-10 4.846228508115614E-7 1.4376793925253448E-10
0.2923043700815793 8.921195737498541E-4 4.88898120603867E-5 1.715526130395161E-5 -2.785047881623057E-10 4.780920277614501E-7 4.114269699723878E-10
0.3659020577155798 0.00803927378037659 0.008701856731121076 7.91954496470891E-4 2.0129854842287433E-6 8.266685766379682E-6 5.19775562865624E-7
0.36156989005918283 0.0026708352101563948 0.01104521896760939 4.689588814085956E-4 9.490271077560225E-7 2.3564736369360345E-5 -4.883559613595489E-7
0.2677988751637555 0.014623165119583243 1.4152813631577315E-4 5.2970678572989746E-5 -1.3665911687639858E-9 6.3178089646927965E-6 -4.378100255602868E-9
0.5786099086296633 0.06788273948926865 0.004999516267124582 0.004331710239524286 1.777235068375662E-5 6.705941845525736E-4 -9.513100730535543E-6
0.3110229370282903 0.014337712642562433 4.300370906708178E-4 8.402139624654159E-5 6.362015294859758E-9 9.827475025449917E-6 1.4649378326831042E-8
0.32393155914862043 0.02462909673534928 2.9281376162294034E-4 1.1104678190355729E-4 4.251888464833187E-9 1.160461930538209E-5 1.9567553984692275E-8
0.2852749834542052 0.008456529500070531 0.007608278519758217 1.1771374560360958E-4 -1.0600011972948478E-7 -1.0795024253560385E-5 3.426171093328812E-8
0.2818121249767095 0.004702139717626865 0.0012665275003830958 1.432695514193183E-4 -5.3135780080987516E-8 -2.497805505536244E-6 -3.001933502805901E-8
0.5191505456233487 0.05111289525150629 0.04370378465642769 0.005852559700741267 3.34829225414094E-5 0.001198885710482478 -8.740682411371817E-5
0.3429694867965032 0.002321118971663053 0.004283703114987788 6.251374412842196E-5 -3.2157555720246524E-8 -2.1685580153733185E-6 3.5224519900046756E-9
0.3199875635915606 0.001499522546166449 0.0029417547638508116 7.580045766776555E-6 -5.026576391449534E-10 2.591014542343873E-7 -1.0141745924589598E-9
0.37358763881571155 0.00907129074064284 0.004813900507674692 9.930680857687239E-4 1.6682269744312357E-6 9.212349978729667E-5 1.389785225914271E-6
0.3973462242941746 0.025056513823787815 0.03790074120675212 0.00384648335971581 4.0358226572468045E-5 2.5974311811976283E-4 2.298172255469197E-5
0.5845837273156311 0.09724369674976953 0.023104442530644115 0.0011403671615583494 9.97429575745175E-7 -2.5408791354675916E-5 5.7678823554075015E-6
0.4076200192620868 0.06910380032642748 0.018917863984419088 0.005126627446316768 5.0485829454927426E-5 0.0013302885845828118 -4.0813477657615213E-7
0.3279431783089728 8.014628192494321E-4 0.005149884080463544 2.1886687690231293E-4 1.5178412141138153E-7 9.03883165917722E-7 1.7593918004427999E-7
